 % N am1 am2 Z1 Z2
101         0.2D+01         0.2D+01         0.1D+01         0.1D+01
 % s ni_1[cm^-3] ni_2[cm^-3] Ti_1[eV] Ti_2[eV] Te[eV]
   0.0000000000000000        35950382048694.234        0.0000000000000000        5051.5942382812500        1.0000000000000000        6962.8632812500000     
   1.0000000000000000E-002   34873984632843.883        0.0000000000000000        4540.6614100026973        1.0000000000000000        5994.5035496916325     
   2.0000000000000000E-002   34409058680255.043        0.0000000000000000        4152.9491023065584        1.0000000000000000        5564.1625568051713     
   2.9999999999999999E-002   34028492502167.621        0.0000000000000000        3841.8187024540343        1.0000000000000000        5237.7202211817903     
   4.0000000000000001E-002   33685941513474.961        0.0000000000000000        3582.5243688142587        1.0000000000000000        4966.7417508633562     
   5.0000000000000003E-002   33364475059990.309        0.0000000000000000        3361.6043388588050        1.0000000000000000        4732.1700176191334     
   5.9999999999999998E-002   33055948945816.699        0.0000000000000000        3171.4042747681283        1.0000000000000000        4524.0636099823714     
   7.0000000000000007E-002   32755876090835.195        0.0000000000000000        3006.9402848562304        1.0000000000000000        4336.5008948153109     
   8.0000000000000002E-002   32461552390667.469        0.0000000000000000        2864.6561849782661        1.0000000000000000        4165.5054880703856     
   8.9999999999999997E-002   32171259326441.172        0.0000000000000000        2741.8605177563531        1.0000000000000000        4008.3278494716369     
  0.10000000000000001        31883858406710.156        0.0000000000000000        2636.4366376608091        1.0000000000000000        3862.9206533123693     
  0.11000000000000000        31598608073452.238        0.0000000000000000        2546.6571752370305        1.0000000000000000        3727.6887294340763     
  0.12000000000000000        31315000758008.211        0.0000000000000000        2470.5647456383344        1.0000000000000000        3601.4478770218147     
  0.13000000000000000        31032704427240.051        0.0000000000000000        2405.6545198597760        1.0000000000000000        3483.1880878180887     
  0.14000000000000001        30751481529278.336        0.0000000000000000        2349.8551701404904        1.0000000000000000        3372.0838221401655     
  0.14999999999999999        30471209882201.520        0.0000000000000000        2301.5131911804033        1.0000000000000000        3267.4695966664394     
  0.16000000000000000        30191798973444.199        0.0000000000000000        2259.2944871640866        1.0000000000000000        3168.7452738874222     
  0.17000000000000001        29913222945051.566        0.0000000000000000        2222.1124706972910        1.0000000000000000        3075.4517898450190     
  0.17999999999999999        29635481578988.645        0.0000000000000000        2189.0708341129657        1.0000000000000000        2987.1174632276611     
  0.19000000000000000        29358608644413.449        0.0000000000000000        2159.4305509587443        1.0000000000000000        2903.4069809887587     
  0.20000000000000001        29082640355838.641        0.0000000000000000        2132.5737636882914        1.0000000000000000        2823.9825380811117     
  0.20999999999999999        28807636300106.680        0.0000000000000000        2107.9835159537738        1.0000000000000000        2748.5374918207508     
  0.22000000000000000        28533660711664.805        0.0000000000000000        2085.2276079180151        1.0000000000000000        2676.8066758072996     
  0.23000000000000001        28260785855365.152        0.0000000000000000        2063.9399911450951        1.0000000000000000        2608.5561405659846     
  0.23999999999999999        27989090872525.258        0.0000000000000000        2043.8129400632301        1.0000000000000000        2543.5869905170530     
  0.25000000000000000        27718657923255.406        0.0000000000000000        2024.5857324294821        1.0000000000000000        2481.6941666888133     
  0.26000000000000001        27449568372752.371        0.0000000000000000        2006.0393972928684        1.0000000000000000        2422.6892830029074     
  0.27000000000000002        27181896321623.430        0.0000000000000000        1987.9873090390145        1.0000000000000000        2366.4224655409403     
  0.28000000000000003        26915730206927.430        0.0000000000000000        1970.2736696093668        1.0000000000000000        2312.7344994913183     
  0.28999999999999998        26651138002201.027        0.0000000000000000        1952.7663850143101        1.0000000000000000        2261.4915698208042     
  0.29999999999999999        26388196893612.172        0.0000000000000000        1935.3549137545654        1.0000000000000000        2212.5475418999899     
  0.31000000000000000        26126974463201.062        0.0000000000000000        1917.9459145749684        1.0000000000000000        2165.8098448099695     
  0.32000000000000001        25867539283756.629        0.0000000000000000        1900.4636548791129        1.0000000000000000        2121.1414087061116     
  0.33000000000000002        25609947455770.082        0.0000000000000000        1882.8442239338349        1.0000000000000000        2078.4463091987423     
  0.34000000000000002        25354263945829.598        0.0000000000000000        1865.0359791971641        1.0000000000000000        2037.6337961461079     
  0.34999999999999998        25100530528413.219        0.0000000000000000        1846.9969970017416        1.0000000000000000        1998.5983757554636     
  0.35999999999999999        24848796933662.953        0.0000000000000000        1828.6948306675401        1.0000000000000000        1961.2568778130599     
  0.37000000000000000        24599111442018.430        0.0000000000000000        1810.1819860601622        1.0000000000000000        1925.5303754194906     
  0.38000000000000000        24351504705678.934        0.0000000000000000        1791.6228677649756        1.0000000000000000        1891.3401803021650     
  0.39000000000000001        24106011419948.816        0.0000000000000000        1773.1702026908779        1.0000000000000000        1858.6114885102484     
  0.40000000000000002        23862666721223.559        0.0000000000000000        1754.9561306563971        1.0000000000000000        1827.2756562507334     
  0.40999999999999998        23621485621979.828        0.0000000000000000        1737.0926869778750        1.0000000000000000        1797.2665548047476     
  0.41999999999999998        23382496183976.773        0.0000000000000000        1719.6766208971137        1.0000000000000000        1768.5258052653287     
  0.42999999999999999        23145710784756.797        0.0000000000000000        1702.7898188981235        1.0000000000000000        1740.9910697829348     
  0.44000000000000000        22911144271968.035        0.0000000000000000        1686.5005901561310        1.0000000000000000        1714.6152639160180     
  0.45000000000000001        22678810240997.457        0.0000000000000000        1670.8669728713853        1.0000000000000000        1689.3340105281686     
  0.46000000000000002        22448710931180.879        0.0000000000000000        1655.9358028431229        1.0000000000000000        1665.1073146541576     
  0.46999999999999997        22220853681788.707        0.0000000000000000        1641.7414467420144        1.0000000000000000        1641.8833590660340     
  0.47999999999999998        21995238422663.512        0.0000000000000000        1628.2717438616883        1.0000000000000000        1619.6187295715226     
  0.48999999999999999        21771865360675.574        0.0000000000000000        1615.4871834652986        1.0000000000000000        1598.2692249777938     
  0.50000000000000000        21550723056869.648        0.0000000000000000        1603.3515365548701        1.0000000000000000        1577.7988622541873     
  0.51000000000000001        21331813922654.215        0.0000000000000000        1591.8306057527391        1.0000000000000000        1558.1650167753758     
  0.52000000000000002        21115126102294.672        0.0000000000000000        1580.8922282744115        1.0000000000000000        1539.3313232231360     
  0.53000000000000003        20900646330049.363        0.0000000000000000        1570.5061753536982        1.0000000000000000        1521.2626766557357     
  0.54000000000000004        20688372541870.422        0.0000000000000000        1560.6437915654506        1.0000000000000000        1503.9332140921470     
  0.55000000000000004        20478276797581.660        0.0000000000000000        1551.2785018689756        1.0000000000000000        1487.3028301644135     
  0.56000000000000005        20270354183335.273        0.0000000000000000        1542.3854237421801        1.0000000000000000        1471.3470431992268     
  0.56999999999999995        20064587562767.477        0.0000000000000000        1533.9402620765229        1.0000000000000000        1456.0343886369681     
  0.57999999999999996        19860963900271.355        0.0000000000000000        1525.9208144840047        1.0000000000000000        1441.3395671147177     
  0.58999999999999997        19659464918314.215        0.0000000000000000        1518.3063910584146        1.0000000000000000        1427.2359899821674     
  0.59999999999999998        19460072280882.684        0.0000000000000000        1511.0767180859318        1.0000000000000000        1413.7010366611041     
  0.60999999999999999        19262764221676.406        0.0000000000000000        1504.2128245355441        1.0000000000000000        1400.7098803900135     
  0.62000000000000000        19067532351212.219        0.0000000000000000        1497.6975993123135        1.0000000000000000        1388.2413959376586     
  0.63000000000000000        18874349941651.605        0.0000000000000000        1491.5139537948362        1.0000000000000000        1376.2724549566037     
  0.64000000000000001        18683194914387.328        0.0000000000000000        1485.6461302017456        1.0000000000000000        1364.7841317609325     
  0.65000000000000002        18494048865213.457        0.0000000000000000        1480.0625045610848        1.0000000000000000        1353.7593275200611     
  0.66000000000000003        18306883506391.219        0.0000000000000000        1474.4663645618739        1.0000000000000000        1343.1759147910802     
  0.67000000000000004        18121671654710.902        0.0000000000000000        1468.3799061127222        1.0000000000000000        1333.0169029588697     
  0.68000000000000005        17938375766132.230        0.0000000000000000        1461.3700932457236        1.0000000000000000        1323.2664169651923     
  0.68999999999999995        17756949514197.340        0.0000000000000000        1453.0520214048740        1.0000000000000000        1313.9065202458680     
  0.69999999999999996        17577330823292.988        0.0000000000000000        1443.0836964047978        1.0000000000000000        1304.9224341079289     
  0.70999999999999996        17399440070353.936        0.0000000000000000        1431.1608801618202        1.0000000000000000        1296.2991058743646     
  0.71999999999999997        17223161124785.576        0.0000000000000000        1417.0144858808376        1.0000000000000000        1288.0207487771056     
  0.72999999999999998        17048340452236.559        0.0000000000000000        1400.4060651418890        1.0000000000000000        1280.0734958209198     
  0.73999999999999999        16874752609088.797        0.0000000000000000        1381.1247616132530        1.0000000000000000        1272.3238775750162     
  0.75000000000000000        16702069649019.424        0.0000000000000000        1359.0314184446465        1.0000000000000000        1264.1781759870705     
  0.76000000000000001        16529814981379.762        0.0000000000000000        1334.2679635205054        1.0000000000000000        1254.9823888885596     
  0.77000000000000002        16357260443685.461        0.0000000000000000        1307.0573078159725        1.0000000000000000        1244.1448496795572     
  0.78000000000000003        16183397766616.980        0.0000000000000000        1277.6152999147866        1.0000000000000000        1231.1347230133742     
  0.79000000000000004        16006649407708.658        0.0000000000000000        1246.1331321790194        1.0000000000000000        1215.4680905366581     
  0.80000000000000004        15824802585118.336        0.0000000000000000        1212.7987441191092        1.0000000000000000        1196.7149029491354     
  0.81000000000000005        15634677151562.285        0.0000000000000000        1177.7891215987074        1.0000000000000000        1174.4914972492597     
  0.81999999999999995        15431810303624.316        0.0000000000000000        1141.2696274691284        1.0000000000000000        1148.4565459303146     
  0.82999999999999996        15210151161087.729        0.0000000000000000        1103.4024216675855        1.0000000000000000        1118.3147851535923     
  0.83999999999999997        14961755420982.969        0.0000000000000000        1064.3422199478921        1.0000000000000000        1083.8131533065450     
  0.84999999999999998        14676728287488.365        0.0000000000000000        1024.2401309008674        1.0000000000000000        1044.7416999399668     
  0.85999999999999999        14343610236939.244        0.0000000000000000        983.24340128966264        1.0000000000000000        1000.9350783445404     
  0.87000000000000000        13950516664319.961        0.0000000000000000        941.49684075604830        1.0000000000000000        952.27196778551308     
  0.88000000000000000        13487329917986.350        0.0000000000000000        899.14764821969391        1.0000000000000000        898.68378460573808     
  0.89000000000000001        12948625507285.512        0.0000000000000000        856.33590372524486        1.0000000000000000        840.14309517248410     
  0.90000000000000002        12337060352232.012        0.0000000000000000        813.21178450303114        1.0000000000000000        776.68558704685870     
  0.91000000000000003        11665339151950.848        0.0000000000000000        769.93164846578031        1.0000000000000000        708.40664364186966     
  0.92000000000000004        10955457223771.414        0.0000000000000000        726.64670853888595        1.0000000000000000        635.45048912487380     
  0.93000000000000005        10235254531082.184        0.0000000000000000        683.51677399886478        1.0000000000000000        558.04040248319859     
  0.93999999999999995        9532879908661.0859        0.0000000000000000        640.71036447905635        1.0000000000000000        477.54292748642268     
  0.94999999999999996        8871415752787.2715        0.0000000000000000        598.39220955112330        1.0000000000000000        397.83363507800539     
  0.95999999999999996        8266770967021.6992        0.0000000000000000        556.78010297750131        1.0000000000000000        322.73606069980434     
  0.96999999999999997        7726408577455.0938        0.0000000000000000        516.08993925189384        1.0000000000000000        255.39609914255792     
  0.97999999999999998        7251346633947.4072        0.0000000000000000        476.55461005207388        1.0000000000000000        198.30810821333975     
  0.98999999999999999        6829351789841.0381        0.0000000000000000        437.46946245086269        1.0000000000000000        152.11547978692874     
   1.0000000000000000        6358258589882.1221        0.0000000000000000        388.66741943359375        1.0000000000000000        107.22695159912109     
