   2.5000000e-03  -4.0870403e-02   6.8540256e+07
   3.4917355e-03  -1.2686528e-02   6.8166573e+07
   4.6487603e-03   8.3816581e-03   6.7744564e+07
   5.9710744e-03   2.4767211e-02   6.7278113e+07
   7.4586777e-03   3.7838170e-02   6.6771171e+07
   9.1115702e-03   4.8499385e-02   6.6227707e+07
   1.0929752e-02   5.7330747e-02   6.5651693e+07
   1.2913223e-02   6.4720496e-02   6.5047101e+07
   1.5061983e-02   7.0903922e-02   6.4418043e+07
   1.7376033e-02   7.6084728e-02   6.3768660e+07
   1.9855372e-02   8.0451226e-02   6.3103239e+07
   2.2500000e-02   8.4098659e-02   6.2425846e+07
   2.5309917e-02   8.6987397e-02   6.1738798e+07
   2.8285124e-02   8.9236256e-02   6.1043800e+07
   3.1425620e-02   9.0968444e-02   6.0342612e+07
   3.4731405e-02   9.2238477e-02   5.9637001e+07
   3.8202479e-02   9.3122314e-02   5.8928802e+07
   4.1838843e-02   9.3681923e-02   5.8219855e+07
   4.5640496e-02   9.3940095e-02   5.7512091e+07
   4.9607438e-02   9.3998467e-02   5.6807465e+07
   5.3739669e-02   9.3869938e-02   5.6107985e+07
   5.8037190e-02   9.3609609e-02   5.5415753e+07
   6.2500000e-02   9.3259694e-02   5.4732857e+07
   6.7128099e-02   9.2867558e-02   5.4061494e+07
   7.1921488e-02   9.2460472e-02   5.3403877e+07
   7.6880165e-02   9.2091392e-02   5.2762241e+07
   8.2004132e-02   9.1752177e-02   5.2138854e+07
   8.7293388e-02   9.1546215e-02   5.1536047e+07
   9.2747934e-02   9.1472713e-02   5.0956125e+07
   9.8367769e-02   9.1563126e-02   5.0401446e+07
   1.0415289e-01   9.1808534e-02   4.9874334e+07
   1.1010331e-01   9.2166671e-02   4.9377049e+07
   1.1621901e-01   9.2471378e-02   4.8910187e+07
   1.2250000e-01   9.2666738e-02   4.8472430e+07
   1.2894628e-01   9.2767938e-02   4.8062253e+07
   1.3555785e-01   9.2763430e-02   4.7678126e+07
   1.4233471e-01   9.2665085e-02   4.7318459e+07
   1.4927686e-01   9.2461752e-02   4.6981635e+07
   1.5638430e-01   9.2158971e-02   4.6666011e+07
   1.6365702e-01   9.1755696e-02   4.6369939e+07
   1.7109504e-01   9.1246611e-02   4.6091758e+07
   1.7869835e-01   9.0644062e-02   4.5829823e+07
   1.8646694e-01   8.9947252e-02   4.5582473e+07
   1.9440083e-01   8.9150171e-02   4.5348088e+07
   2.0250000e-01   8.8262139e-02   4.5125070e+07
   2.1076446e-01   8.7281057e-02   4.4911826e+07
   2.1919421e-01   8.6205656e-02   4.4706845e+07
   2.2778926e-01   8.5045872e-02   4.4508620e+07
   2.3654959e-01   8.3797307e-02   4.4315703e+07
   2.4547521e-01   8.2465728e-02   4.4126698e+07
   2.5456612e-01   8.1048424e-02   4.3940264e+07
   2.6382231e-01   7.9553661e-02   4.3755102e+07
   2.7324380e-01   7.7978036e-02   4.3569996e+07
   2.8283058e-01   7.6324611e-02   4.3383760e+07
   2.9258264e-01   7.4595026e-02   4.3195295e+07
   3.0250000e-01   7.2789967e-02   4.3003544e+07
   3.1258264e-01   7.0910880e-02   4.2807517e+07
   3.2283058e-01   6.8957811e-02   4.2606275e+07
   3.3324380e-01   6.6943458e-02   4.2398950e+07
   3.4382231e-01   6.4853453e-02   4.2184726e+07
   3.5456612e-01   6.2697288e-02   4.1962841e+07
   3.6547521e-01   6.0543742e-02   4.1732850e+07
   3.7654959e-01   5.8530530e-02   4.1496360e+07
   3.8778926e-01   5.6638009e-02   4.1255773e+07
   3.9919421e-01   5.4868750e-02   4.1013396e+07
   4.1076446e-01   5.3193150e-02   4.0771379e+07
   4.2250000e-01   5.1603107e-02   4.0531765e+07
   4.3440083e-01   5.0083646e-02   4.0296469e+07
   4.4646694e-01   4.8629845e-02   4.0067289e+07
   4.5869835e-01   4.7220394e-02   3.9845890e+07
   4.7109504e-01   4.5825761e-02   3.9633750e+07
   4.8365702e-01   4.4341331e-02   3.9431307e+07
   4.9638430e-01   4.2760174e-02   3.9238332e+07
   5.0927686e-01   4.1084529e-02   3.9054569e+07
   5.2233471e-01   3.9320680e-02   3.8879770e+07
   5.3555785e-01   3.7457334e-02   3.8713674e+07
   5.4894628e-01   3.5497458e-02   3.8556032e+07
   5.6250000e-01   3.3444602e-02   3.8406589e+07
   5.7621901e-01   3.1296597e-02   3.8265081e+07
   5.9010331e-01   2.9059082e-02   3.8131269e+07
   6.0415289e-01   2.6734384e-02   3.8004890e+07
   6.1836777e-01   2.4308713e-02   3.7885705e+07
   6.3274793e-01   2.1741341e-02   3.7773466e+07
   6.4729339e-01   1.8883032e-02   3.7667891e+07
   6.6200413e-01   1.4452654e-02   3.7562820e+07
   6.7688017e-01   7.9056030e-03   3.7439980e+07
   6.9192149e-01  -7.1683377e-04   3.7280978e+07
   7.0712810e-01  -1.1402356e-02   3.7068786e+07
   7.2250000e-01  -2.4206269e-02   3.6787408e+07
   7.3803719e-01  -3.9274968e-02   3.6421476e+07
   7.5373967e-01  -5.6223721e-02   3.5957582e+07
   7.6960744e-01  -7.4186104e-02   3.5395214e+07
   7.8564050e-01  -9.3952558e-02   3.4738741e+07
   8.0183884e-01  -1.1685162e-01   3.3991687e+07
   8.1820248e-01  -1.4480391e-01   3.3156718e+07
   8.3473140e-01  -1.8016727e-01   3.2235862e+07
   8.5142562e-01  -2.2626461e-01   3.1230676e+07
   8.6828512e-01  -2.8654944e-01   3.0142346e+07
   8.8530992e-01  -3.6026972e-01   2.8972010e+07
   9.0250000e-01  -4.3963876e-01   2.7720905e+07
