% ntv_out.dat for a selected profile
        0.95000E+00       -0.54801E+00        0.28924E-01        0.00000E+00        0.10002E+01        0.20894E+01        0.41112E+00        0.17386E-02        0.95066E-02        0.13305E-03        0.24212E+00        0.17147E+03        0.20769E+05        0.17282E+04        0.38337E-01        0.33316E+06        0.13760E+07        0.15897E+06        0.29286E+07        0.20000E+01        0.91004E+00        0.10989E+01        0.21538E-04        0.25604E+05        0.99822E+00
        0.94444E+00       -0.54773E+00        0.27491E-01        0.00000E+00        0.10002E+01        0.20859E+01        0.41453E+00        0.16600E-02        0.83051E-02        0.47722E-03        0.24577E+00        0.17147E+03        0.20752E+05        0.17296E+04        0.38133E-01        0.33639E+06        0.13687E+07        0.15880E+06        0.29285E+07        0.20000E+01        0.90967E+00        0.10993E+01        0.19992E-04        0.25668E+05        0.99832E+00
        0.93889E+00       -0.54424E+00        0.26214E-01        0.00000E+00        0.10002E+01        0.20828E+01        0.41769E+00        0.14053E-02        0.60937E-02        0.61785E-03        0.24924E+00        0.17147E+03        0.20734E+05        0.17311E+04        0.37933E-01        0.33935E+06        0.13616E+07        0.15862E+06        0.29283E+07        0.20000E+01        0.90936E+00        0.10997E+01        0.15256E-04        0.25730E+05        0.99841E+00
        0.93333E+00       -0.53734E+00        0.25060E-01        0.00000E+00        0.10002E+01        0.20798E+01        0.42060E+00        0.10860E-02        0.41096E-02        0.54987E-03        0.25258E+00        0.17147E+03        0.20716E+05        0.17327E+04        0.37736E-01        0.34212E+06        0.13545E+07        0.15842E+06        0.29282E+07        0.20000E+01        0.90910E+00        0.11000E+01        0.12265E-04        0.25789E+05        0.99849E+00
        0.92778E+00       -0.52689E+00        0.24009E-01        0.00000E+00        0.10002E+01        0.20771E+01        0.42331E+00        0.13204E-02        0.46649E-02        0.43354E-03        0.25579E+00        0.17147E+03        0.20697E+05        0.17343E+04        0.37541E-01        0.34467E+06        0.13475E+07        0.15820E+06        0.29281E+07        0.20000E+01        0.90891E+00        0.11002E+01        0.11691E-04        0.25845E+05        0.99856E+00
        0.92222E+00       -0.51283E+00        0.23039E-01        0.00000E+00        0.10002E+01        0.20745E+01        0.42585E+00        0.14572E-02        0.49725E-02        0.34940E-03        0.25886E+00        0.17147E+03        0.20678E+05        0.17358E+04        0.37348E-01        0.34702E+06        0.13406E+07        0.15796E+06        0.29280E+07        0.20000E+01        0.90877E+00        0.11004E+01        0.11814E-04        0.25897E+05        0.99863E+00
        0.91667E+00       -0.49550E+00        0.22134E-01        0.00000E+00        0.10002E+01        0.20721E+01        0.42828E+00        0.15688E-02        0.52676E-02        0.18019E-03        0.26183E+00        0.17147E+03        0.20659E+05        0.17374E+04        0.37158E-01        0.34921E+06        0.13337E+07        0.15770E+06        0.29279E+07        0.20000E+01        0.90868E+00        0.11005E+01        0.11699E-04        0.25946E+05        0.99869E+00
        0.91111E+00       -0.47520E+00        0.21279E-01        0.00000E+00        0.10002E+01        0.20698E+01        0.43061E+00        0.15225E-02        0.51258E-02       -0.16445E-05        0.26469E+00        0.17147E+03        0.20640E+05        0.17390E+04        0.36970E-01        0.35124E+06        0.13270E+07        0.15743E+06        0.29278E+07        0.20000E+01        0.90864E+00        0.11005E+01        0.11179E-04        0.25993E+05        0.99875E+00
        0.90556E+00       -0.45257E+00        0.20465E-01        0.00000E+00        0.10002E+01        0.20675E+01        0.43288E+00        0.14286E-02        0.47940E-02       -0.15988E-03        0.26746E+00        0.17147E+03        0.20621E+05        0.17406E+04        0.36785E-01        0.35314E+06        0.13203E+07        0.15714E+06        0.29277E+07        0.20000E+01        0.90864E+00        0.11005E+01        0.10345E-04        0.26037E+05        0.99880E+00
        0.90000E+00       -0.42821E+00        0.19683E-01        0.00000E+00        0.10002E+01        0.20652E+01        0.43510E+00        0.12285E-02        0.40695E-02       -0.16914E-03        0.27016E+00        0.17147E+03        0.20602E+05        0.17423E+04        0.36602E-01        0.35492E+06        0.13138E+07        0.15683E+06        0.29276E+07        0.20000E+01        0.90867E+00        0.11005E+01        0.93740E-05        0.26080E+05        0.99886E+00
        0.89444E+00       -0.40259E+00        0.18929E-01        0.00000E+00        0.10002E+01        0.20630E+01        0.43730E+00        0.11018E-02        0.37429E-02        0.79236E-04        0.27277E+00        0.17147E+03        0.20583E+05        0.17439E+04        0.36420E-01        0.35659E+06        0.13073E+07        0.15650E+06        0.29275E+07        0.20000E+01        0.90873E+00        0.11004E+01        0.86044E-05        0.26120E+05        0.99890E+00
        0.88889E+00       -0.37652E+00        0.18201E-01        0.00000E+00        0.10002E+01        0.20608E+01        0.43950E+00        0.12220E-02        0.44142E-02        0.59991E-03        0.27532E+00        0.17147E+03        0.20564E+05        0.17455E+04        0.36241E-01        0.35814E+06        0.13008E+07        0.15616E+06        0.29274E+07        0.20000E+01        0.90883E+00        0.11003E+01        0.87735E-05        0.26157E+05        0.99895E+00
        0.88333E+00       -0.35108E+00        0.17496E-01        0.00000E+00        0.10002E+01        0.20586E+01        0.44167E+00        0.23900E-02        0.11354E-01        0.13319E-02        0.27779E+00        0.17147E+03        0.20545E+05        0.17471E+04        0.36063E-01        0.35958E+06        0.12944E+07        0.15580E+06        0.29273E+07        0.20000E+01        0.90897E+00        0.11002E+01        0.11105E-04        0.26193E+05        0.99899E+00
        0.87778E+00       -0.32633E+00        0.16815E-01        0.00000E+00        0.10002E+01        0.20565E+01        0.44383E+00        0.52221E-02        0.25225E-01        0.25012E-02        0.28021E+00        0.17147E+03        0.20526E+05        0.17487E+04        0.35885E-01        0.36092E+06        0.12880E+07        0.15542E+06        0.29273E+07        0.20000E+01        0.90913E+00        0.11000E+01        0.15984E-04        0.26227E+05        0.99903E+00
        0.87222E+00       -0.30246E+00        0.16160E-01        0.00000E+00        0.10002E+01        0.20544E+01        0.44595E+00        0.10449E-01        0.48785E-01        0.55952E-02        0.28255E+00        0.17147E+03        0.20507E+05        0.17504E+04        0.35708E-01        0.36215E+06        0.12817E+07        0.15503E+06        0.29272E+07        0.20000E+01        0.90932E+00        0.10997E+01        0.20304E-04        0.26260E+05        0.99906E+00
        0.86667E+00       -0.27995E+00        0.15530E-01        0.00000E+00        0.10002E+01        0.20523E+01        0.44803E+00        0.13673E-01        0.57622E-01        0.10264E-01        0.28483E+00        0.17147E+03        0.20487E+05        0.17520E+04        0.35536E-01        0.36331E+06        0.12755E+07        0.15463E+06        0.29271E+07        0.20000E+01        0.90950E+00        0.10995E+01        0.19195E-04        0.26293E+05        0.99910E+00
        0.86111E+00       -0.25894E+00        0.14926E-01        0.00000E+00        0.10002E+01        0.20503E+01        0.45004E+00        0.11308E-01        0.42442E-01        0.11490E-01        0.28707E+00        0.17147E+03        0.20468E+05        0.17536E+04        0.35368E-01        0.36443E+06        0.12695E+07        0.15421E+06        0.29271E+07        0.20000E+01        0.90968E+00        0.10993E+01        0.13335E-04        0.26326E+05        0.99913E+00
        0.85556E+00       -0.23954E+00        0.14348E-01        0.00000E+00        0.10001E+01        0.20483E+01        0.45201E+00        0.68515E-02        0.23356E-01        0.61517E-02        0.28928E+00        0.17147E+03        0.20449E+05        0.17553E+04        0.35202E-01        0.36551E+06        0.12635E+07        0.15378E+06        0.29271E+07        0.20000E+01        0.90987E+00        0.10991E+01        0.89551E-05        0.26359E+05        0.99916E+00
        0.85000E+00       -0.22168E+00        0.13798E-01        0.00000E+00        0.10001E+01        0.20464E+01        0.45395E+00        0.52719E-02        0.18500E-01       -0.16316E-02        0.29147E+00        0.17147E+03        0.20431E+05        0.17569E+04        0.35035E-01        0.36653E+06        0.12575E+07        0.15334E+06        0.29270E+07        0.20000E+01        0.91008E+00        0.10988E+01        0.90770E-05        0.26390E+05        0.99919E+00
        0.84444E+00       -0.20535E+00        0.13276E-01        0.00000E+00        0.10001E+01        0.20444E+01        0.45586E+00        0.67785E-02        0.24574E-01       -0.74022E-02        0.29361E+00        0.17147E+03        0.20412E+05        0.17585E+04        0.34868E-01        0.36747E+06        0.12516E+07        0.15289E+06        0.29270E+07        0.20000E+01        0.91032E+00        0.10985E+01        0.11398E-04        0.26420E+05        0.99922E+00
        0.83889E+00       -0.19040E+00        0.12782E-01        0.00000E+00        0.10001E+01        0.20426E+01        0.45768E+00        0.86925E-02        0.31481E-01       -0.10126E-01        0.29572E+00        0.17147E+03        0.20393E+05        0.17601E+04        0.34703E-01        0.36836E+06        0.12456E+07        0.15243E+06        0.29270E+07        0.20000E+01        0.91058E+00        0.10982E+01        0.13207E-04        0.26447E+05        0.99925E+00
        0.83333E+00       -0.17671E+00        0.12315E-01        0.00000E+00        0.10001E+01        0.20408E+01        0.45952E+00        0.99855E-02        0.35473E-01       -0.10935E-01        0.29782E+00        0.17147E+03        0.20375E+05        0.17617E+04        0.34538E-01        0.36921E+06        0.12397E+07        0.15197E+06        0.29270E+07        0.20000E+01        0.91085E+00        0.10979E+01        0.13756E-04        0.26474E+05        0.99927E+00
        0.82778E+00       -0.16411E+00        0.11875E-01        0.00000E+00        0.10001E+01        0.20390E+01        0.46131E+00        0.10568E-01        0.36522E-01       -0.10753E-01        0.29990E+00        0.17147E+03        0.20357E+05        0.17633E+04        0.34374E-01        0.37002E+06        0.12338E+07        0.15149E+06        0.29270E+07        0.20000E+01        0.91115E+00        0.10975E+01        0.13413E-04        0.26500E+05        0.99930E+00
        0.82222E+00       -0.15254E+00        0.11461E-01        0.00000E+00        0.10001E+01        0.20372E+01        0.46306E+00        0.10632E-01        0.35788E-01       -0.10122E-01        0.30197E+00        0.17147E+03        0.20338E+05        0.17648E+04        0.34211E-01        0.37080E+06        0.12280E+07        0.15101E+06        0.29270E+07        0.20000E+01        0.91145E+00        0.10972E+01        0.12635E-04        0.26525E+05        0.99932E+00
        0.81667E+00       -0.14181E+00        0.11072E-01        0.00000E+00        0.10001E+01        0.20355E+01        0.46476E+00        0.10348E-01        0.34005E-01       -0.92900E-02        0.30404E+00        0.17147E+03        0.20320E+05        0.17664E+04        0.34048E-01        0.37157E+06        0.12221E+07        0.15053E+06        0.29270E+07        0.20000E+01        0.91176E+00        0.10968E+01        0.11699E-04        0.26549E+05        0.99934E+00
        0.81111E+00       -0.13191E+00        0.10707E-01        0.00000E+00        0.10001E+01        0.20339E+01        0.46642E+00        0.98473E-02        0.31712E-01       -0.83490E-02        0.30610E+00        0.17147E+03        0.20302E+05        0.17680E+04        0.33887E-01        0.37231E+06        0.12163E+07        0.15004E+06        0.29270E+07        0.20000E+01        0.91208E+00        0.10964E+01        0.10729E-04        0.26573E+05        0.99937E+00
        0.80556E+00       -0.12263E+00        0.10365E-01        0.00000E+00        0.10001E+01        0.20322E+01        0.46802E+00        0.91737E-02        0.29229E-01       -0.73468E-02        0.30816E+00        0.17147E+03        0.20284E+05        0.17696E+04        0.33726E-01        0.37304E+06        0.12105E+07        0.14955E+06        0.29271E+07        0.20000E+01        0.91241E+00        0.10960E+01        0.97676E-05        0.26596E+05        0.99939E+00
        0.80000E+00       -0.11397E+00        0.10046E-01        0.00000E+00        0.10001E+01        0.20307E+01        0.46958E+00        0.84130E-02        0.26839E-01       -0.62929E-02        0.31023E+00        0.17147E+03        0.20266E+05        0.17711E+04        0.33565E-01        0.37375E+06        0.12048E+07        0.14906E+06        0.29271E+07        0.20000E+01        0.91274E+00        0.10956E+01        0.88278E-05        0.26619E+05        0.99941E+00
        0.79444E+00       -0.10586E+00        0.97466E-02        0.00000E+00        0.10001E+01        0.20292E+01        0.47109E+00        0.76505E-02        0.24682E-01       -0.51954E-02        0.31230E+00        0.17147E+03        0.20248E+05        0.17727E+04        0.33405E-01        0.37446E+06        0.11990E+07        0.14856E+06        0.29271E+07        0.20000E+01        0.91308E+00        0.10952E+01        0.79073E-05        0.26641E+05        0.99943E+00
        0.78889E+00       -0.98189E-01        0.94674E-02        0.00000E+00        0.10001E+01        0.20277E+01        0.47254E+00        0.69045E-02        0.22806E-01       -0.40592E-02        0.31439E+00        0.17147E+03        0.20230E+05        0.17743E+04        0.33245E-01        0.37516E+06        0.11933E+07        0.14806E+06        0.29272E+07        0.20000E+01        0.91343E+00        0.10948E+01        0.70008E-05        0.26663E+05        0.99945E+00
        0.78333E+00       -0.90910E-01        0.92068E-02        0.00000E+00        0.10001E+01        0.20263E+01        0.47398E+00        0.61799E-02        0.21294E-01       -0.28673E-02        0.31650E+00        0.17147E+03        0.20212E+05        0.17759E+04        0.33086E-01        0.37587E+06        0.11876E+07        0.14756E+06        0.29272E+07        0.20000E+01        0.91379E+00        0.10943E+01        0.61162E-05        0.26685E+05        0.99947E+00
        0.77778E+00       -0.83932E-01        0.89641E-02        0.00000E+00        0.10001E+01        0.20249E+01        0.47537E+00        0.51818E-02        0.19277E-01       -0.15802E-02        0.31862E+00        0.17147E+03        0.20194E+05        0.17774E+04        0.32927E-01        0.37657E+06        0.11819E+07        0.14707E+06        0.29272E+07        0.20000E+01        0.91415E+00        0.10939E+01        0.53146E-05        0.26706E+05        0.99949E+00
        0.77222E+00       -0.77223E-01        0.87381E-02        0.00000E+00        0.10001E+01        0.20235E+01        0.47672E+00        0.45107E-02        0.18052E-01       -0.27583E-03        0.32076E+00        0.17147E+03        0.20176E+05        0.17790E+04        0.32768E-01        0.37727E+06        0.11762E+07        0.14657E+06        0.29273E+07        0.20000E+01        0.91451E+00        0.10935E+01        0.47703E-05        0.26728E+05        0.99951E+00
        0.76667E+00       -0.70711E-01        0.85281E-02        0.00000E+00        0.10001E+01        0.20222E+01        0.47803E+00        0.39627E-02        0.15972E-01        0.92604E-03        0.32294E+00        0.17147E+03        0.20159E+05        0.17806E+04        0.32609E-01        0.37799E+06        0.11705E+07        0.14607E+06        0.29273E+07        0.20000E+01        0.91488E+00        0.10930E+01        0.47962E-05        0.26749E+05        0.99953E+00
        0.76111E+00       -0.64386E-01        0.83332E-02        0.00000E+00        0.10001E+01        0.20209E+01        0.47932E+00        0.36356E-02        0.12302E-01        0.16923E-02        0.32514E+00        0.17147E+03        0.20141E+05        0.17822E+04        0.32450E-01        0.37871E+06        0.11648E+07        0.14558E+06        0.29274E+07        0.20000E+01        0.91526E+00        0.10926E+01        0.56730E-05        0.26770E+05        0.99954E+00
        0.75556E+00       -0.58177E-01        0.81530E-02        0.00000E+00        0.10001E+01        0.20197E+01        0.48058E+00        0.34124E-02        0.73887E-02        0.17898E-02        0.32737E+00        0.17147E+03        0.20123E+05        0.17837E+04        0.32291E-01        0.37943E+06        0.11590E+07        0.14508E+06        0.29274E+07        0.20000E+01        0.91564E+00        0.10921E+01        0.72387E-05        0.26790E+05        0.99956E+00
        0.75000E+00       -0.52092E-01        0.79869E-02        0.00000E+00        0.10001E+01        0.20185E+01        0.48178E+00        0.31301E-02        0.53311E-02        0.14085E-02        0.32962E+00        0.17147E+03        0.20105E+05        0.17853E+04        0.32131E-01        0.38015E+06        0.11533E+07        0.14459E+06        0.29275E+07        0.20000E+01        0.91602E+00        0.10917E+01        0.86371E-05        0.26811E+05        0.99958E+00
        0.74444E+00       -0.46066E-01        0.78343E-02        0.00000E+00        0.10001E+01        0.20173E+01        0.48296E+00        0.22507E-02        0.36152E-02        0.94922E-03        0.33190E+00        0.17147E+03        0.20087E+05        0.17869E+04        0.31972E-01        0.38089E+06        0.11476E+07        0.14410E+06        0.29275E+07        0.20000E+01        0.91640E+00        0.10912E+01        0.88123E-05        0.26832E+05        0.99960E+00
        0.73889E+00       -0.40138E-01        0.76946E-02        0.00000E+00        0.10001E+01        0.20162E+01        0.48408E+00        0.12717E-02        0.20505E-02        0.56329E-03        0.33422E+00        0.17147E+03        0.20069E+05        0.17885E+04        0.31814E-01        0.38165E+06        0.11419E+07        0.14362E+06        0.29276E+07        0.20000E+01        0.91678E+00        0.10908E+01        0.75019E-05        0.26854E+05        0.99961E+00
        0.73333E+00       -0.34456E-01        0.75669E-02        0.00000E+00        0.10001E+01        0.20151E+01        0.48515E+00        0.68422E-03        0.15940E-02        0.30033E-03        0.33658E+00        0.17147E+03        0.20051E+05        0.17902E+04        0.31656E-01        0.38244E+06        0.11362E+07        0.14314E+06        0.29276E+07        0.20000E+01        0.91716E+00        0.10903E+01        0.55640E-05        0.26876E+05        0.99963E+00
        0.72778E+00       -0.29059E-01        0.74502E-02        0.00000E+00        0.10001E+01        0.20140E+01        0.48620E+00        0.29621E-02        0.10100E-01        0.84507E-03        0.33899E+00        0.17147E+03        0.20033E+05        0.17918E+04        0.31497E-01        0.38324E+06        0.11306E+07        0.14266E+06        0.29277E+07        0.20000E+01        0.91754E+00        0.10899E+01        0.41520E-05        0.26898E+05        0.99965E+00
        0.72222E+00       -0.23940E-01        0.73437E-02        0.00000E+00        0.10001E+01        0.20130E+01        0.48721E+00        0.10873E-02        0.20803E-02        0.31176E-03        0.34143E+00        0.17147E+03        0.20014E+05        0.17934E+04        0.31339E-01        0.38407E+06        0.11249E+07        0.14218E+06        0.29277E+07        0.20000E+01        0.91792E+00        0.10894E+01        0.37345E-05        0.26921E+05        0.99966E+00
        0.71667E+00       -0.19098E-01        0.72465E-02        0.00000E+00        0.10001E+01        0.20120E+01        0.48820E+00        0.35671E-03        0.78732E-03       -0.61562E-04        0.34391E+00        0.17147E+03        0.19996E+05        0.17950E+04        0.31180E-01        0.38490E+06        0.11192E+07        0.14171E+06        0.29277E+07        0.20000E+01        0.91831E+00        0.10890E+01        0.39955E-05        0.26943E+05        0.99968E+00
        0.71111E+00       -0.14515E-01        0.71578E-02        0.00000E+00        0.10001E+01        0.20110E+01        0.48917E+00        0.40831E-03        0.10568E-02       -0.69204E-04        0.34644E+00        0.17147E+03        0.19978E+05        0.17967E+04        0.31021E-01        0.38574E+06        0.11135E+07        0.14124E+06        0.29278E+07        0.20000E+01        0.91870E+00        0.10885E+01        0.43960E-05        0.26964E+05        0.99970E+00
        0.70556E+00       -0.10203E-01        0.70768E-02        0.00000E+00        0.10001E+01        0.20101E+01        0.49011E+00        0.71014E-03        0.19240E-02       -0.10190E-03        0.34900E+00        0.17147E+03        0.19960E+05        0.17983E+04        0.30862E-01        0.38660E+06        0.11077E+07        0.14077E+06        0.29278E+07        0.20000E+01        0.91910E+00        0.10880E+01        0.46152E-05        0.26986E+05        0.99971E+00
        0.70000E+00       -0.61446E-02        0.70026E-02        0.00000E+00        0.10001E+01        0.20092E+01        0.49103E+00        0.17059E-02        0.47417E-02       -0.17230E-03        0.35161E+00        0.17147E+03        0.19941E+05        0.18000E+04        0.30702E-01        0.38747E+06        0.11020E+07        0.14030E+06        0.29279E+07        0.20000E+01        0.91950E+00        0.10875E+01        0.45970E-05        0.27008E+05        0.99973E+00
        0.69444E+00       -0.23552E-02        0.69346E-02        0.00000E+00        0.10001E+01        0.20083E+01        0.49194E+00        0.88325E-02        0.25467E-01       -0.38386E-03        0.35425E+00        0.17147E+03        0.19923E+05        0.18017E+04        0.30542E-01        0.38836E+06        0.10963E+07        0.13984E+06        0.29279E+07        0.20000E+01        0.91990E+00        0.10871E+01        0.44124E-05        0.27030E+05        0.99974E+00
        0.68889E+00        0.11793E-02        0.68722E-02        0.00000E+00        0.10001E+01        0.20074E+01        0.49283E+00        0.26696E-01        0.81937E-01       -0.15503E-02        0.35694E+00        0.17147E+03        0.19904E+05        0.18033E+04        0.30382E-01        0.38926E+06        0.10905E+07        0.13937E+06        0.29279E+07        0.20000E+01        0.92031E+00        0.10866E+01        0.41444E-05        0.27052E+05        0.99976E+00
        0.68333E+00        0.44407E-02        0.68147E-02        0.00000E+00        0.10001E+01        0.20065E+01        0.49371E+00        0.30852E-02        0.87997E-02       -0.71701E-03        0.35967E+00        0.17147E+03        0.19885E+05        0.18050E+04        0.30222E-01        0.39016E+06        0.10848E+07        0.13891E+06        0.29280E+07        0.20000E+01        0.92072E+00        0.10861E+01        0.38472E-05        0.27074E+05        0.99977E+00
        0.67778E+00        0.74411E-02        0.67614E-02        0.00000E+00        0.10001E+01        0.20056E+01        0.49457E+00        0.13799E-02        0.39037E-02       -0.57239E-03        0.36243E+00        0.17147E+03        0.19867E+05        0.18067E+04        0.30062E-01        0.39108E+06        0.10790E+07        0.13845E+06        0.29280E+07        0.20000E+01        0.92114E+00        0.10856E+01        0.35482E-05        0.27096E+05        0.99979E+00
        0.67222E+00        0.10161E-01        0.67116E-02        0.00000E+00        0.10001E+01        0.20048E+01        0.49543E+00        0.89515E-03        0.25083E-02       -0.52323E-03        0.36524E+00        0.17147E+03        0.19848E+05        0.18084E+04        0.29901E-01        0.39200E+06        0.10733E+07        0.13799E+06        0.29281E+07        0.20000E+01        0.92156E+00        0.10851E+01        0.32583E-05        0.27118E+05        0.99980E+00
        0.66667E+00        0.12609E-01        0.66649E-02        0.00000E+00        0.10001E+01        0.20039E+01        0.49628E+00        0.69562E-03        0.19258E-02       -0.51020E-03        0.36808E+00        0.17147E+03        0.19829E+05        0.18102E+04        0.29740E-01        0.39292E+06        0.10675E+07        0.13752E+06        0.29281E+07        0.20000E+01        0.92198E+00        0.10846E+01        0.29817E-05        0.27140E+05        0.99982E+00
        0.66111E+00        0.14773E-01        0.66204E-02        0.00000E+00        0.10001E+01        0.20031E+01        0.49712E+00        0.60682E-03        0.16548E-02       -0.51881E-03        0.37096E+00        0.17147E+03        0.19810E+05        0.18119E+04        0.29579E-01        0.39385E+06        0.10617E+07        0.13706E+06        0.29281E+07        0.20000E+01        0.92240E+00        0.10841E+01        0.27213E-05        0.27162E+05        0.99983E+00
        0.65556E+00        0.16638E-01        0.65775E-02        0.00000E+00        0.10001E+01        0.20022E+01        0.49797E+00        0.57788E-03        0.15464E-02       -0.54497E-03        0.37387E+00        0.17147E+03        0.19791E+05        0.18136E+04        0.29418E-01        0.39478E+06        0.10559E+07        0.13659E+06        0.29281E+07        0.20000E+01        0.92283E+00        0.10836E+01        0.24863E-05        0.27184E+05        0.99984E+00
        0.65000E+00        0.18213E-01        0.65354E-02        0.00000E+00        0.10001E+01        0.20014E+01        0.49882E+00        0.59297E-03        0.15486E-02       -0.58898E-03        0.37682E+00        0.17147E+03        0.19772E+05        0.18154E+04        0.29257E-01        0.39571E+06        0.10501E+07        0.13613E+06        0.29282E+07        0.20000E+01        0.92327E+00        0.10831E+01        0.23058E-05        0.27207E+05        0.99986E+00
        0.64444E+00        0.19476E-01        0.64935E-02        0.00000E+00        0.10001E+01        0.20005E+01        0.49967E+00        0.65255E-03        0.16513E-02       -0.65222E-03        0.37981E+00        0.17147E+03        0.19753E+05        0.18172E+04        0.29095E-01        0.39664E+06        0.10443E+07        0.13565E+06        0.29282E+07        0.20000E+01        0.92371E+00        0.10826E+01        0.22499E-05        0.27229E+05        0.99987E+00
        0.63889E+00        0.20572E-01        0.64511E-02        0.00000E+00        0.10001E+01        0.19997E+01        0.50054E+00        0.76987E-03        0.18648E-02       -0.74131E-03        0.38283E+00        0.17147E+03        0.19733E+05        0.18190E+04        0.28933E-01        0.39757E+06        0.10385E+07        0.13518E+06        0.29282E+07        0.20000E+01        0.92415E+00        0.10821E+01        0.24442E-05        0.27251E+05        0.99988E+00
        0.63333E+00        0.21618E-01        0.64081E-02        0.00000E+00        0.10001E+01        0.19988E+01        0.50141E+00        0.10055E-02        0.22959E-02       -0.88100E-03        0.38589E+00        0.17147E+03        0.19714E+05        0.18208E+04        0.28770E-01        0.39849E+06        0.10327E+07        0.13470E+06        0.29282E+07        0.20000E+01        0.92460E+00        0.10816E+01        0.30346E-05        0.27273E+05        0.99989E+00
        0.62778E+00        0.22633E-01        0.63645E-02        0.00000E+00        0.10001E+01        0.19979E+01        0.50230E+00        0.15984E-02        0.35178E-02       -0.11348E-02        0.38898E+00        0.17147E+03        0.19694E+05        0.18226E+04        0.28607E-01        0.39941E+06        0.10268E+07        0.13422E+06        0.29282E+07        0.20000E+01        0.92505E+00        0.10810E+01        0.40548E-05        0.27295E+05        0.99991E+00
        0.62222E+00        0.23624E-01        0.63204E-02        0.00000E+00        0.10001E+01        0.19970E+01        0.50320E+00        0.31703E-02        0.82025E-02       -0.13605E-02        0.39210E+00        0.17147E+03        0.19675E+05        0.18244E+04        0.28443E-01        0.40031E+06        0.10209E+07        0.13374E+06        0.29283E+07        0.20000E+01        0.92551E+00        0.10805E+01        0.52513E-05        0.27317E+05        0.99992E+00
        0.61667E+00        0.24588E-01        0.62757E-02        0.00000E+00        0.10001E+01        0.19961E+01        0.50411E+00        0.28141E-02        0.12590E-01       -0.13763E-03        0.39525E+00        0.17147E+03        0.19655E+05        0.18262E+04        0.28280E-01        0.40120E+06        0.10151E+07        0.13325E+06        0.29283E+07        0.20000E+01        0.92597E+00        0.10799E+01        0.60813E-05        0.27340E+05        0.99993E+00
        0.61111E+00        0.25538E-01        0.62304E-02        0.00000E+00        0.10001E+01        0.19952E+01        0.50502E+00        0.31912E-03        0.59411E-03        0.34202E-03        0.39843E+00        0.17147E+03        0.19635E+05        0.18281E+04        0.28116E-01        0.40210E+06        0.10092E+07        0.13276E+06        0.29283E+07        0.20000E+01        0.92643E+00        0.10794E+01        0.60381E-05        0.27362E+05        0.99994E+00
        0.60556E+00        0.26482E-01        0.61847E-02        0.00000E+00        0.10001E+01        0.19943E+01        0.50594E+00        0.31338E-03        0.61604E-03        0.36502E-03        0.40165E+00        0.17147E+03        0.19615E+05        0.18299E+04        0.27953E-01        0.40299E+06        0.10033E+07        0.13226E+06        0.29283E+07        0.20000E+01        0.92690E+00        0.10789E+01        0.50821E-05        0.27385E+05        0.99995E+00
        0.60000E+00        0.27410E-01        0.61382E-02        0.00000E+00        0.10001E+01        0.19934E+01        0.50687E+00        0.15700E-02        0.74683E-02        0.54035E-03        0.40490E+00        0.17147E+03        0.19595E+05        0.18318E+04        0.27789E-01        0.40388E+06        0.99746E+06        0.13176E+06        0.29283E+07        0.20000E+01        0.92736E+00        0.10783E+01        0.37108E-05        0.27408E+05        0.99996E+00
        0.59444E+00        0.28326E-01        0.60911E-02        0.00000E+00        0.10001E+01        0.19924E+01        0.50780E+00        0.18518E-02        0.51981E-02        0.90657E-03        0.40820E+00        0.17147E+03        0.19575E+05        0.18337E+04        0.27626E-01        0.40477E+06        0.99159E+06        0.13126E+06        0.29283E+07        0.20000E+01        0.92783E+00        0.10778E+01        0.25583E-05        0.27431E+05        0.99997E+00
        0.58889E+00        0.29238E-01        0.60434E-02        0.00000E+00        0.10001E+01        0.19915E+01        0.50875E+00        0.78803E-03        0.16006E-02        0.49850E-03        0.41153E+00        0.17147E+03        0.19554E+05        0.18356E+04        0.27462E-01        0.40565E+06        0.98570E+06        0.13075E+06        0.29283E+07        0.20000E+01        0.92830E+00        0.10772E+01        0.19495E-05        0.27454E+05        0.99998E+00
        0.58333E+00        0.30137E-01        0.59951E-02        0.00000E+00        0.10001E+01        0.19905E+01        0.50971E+00        0.32584E-03        0.58849E-03        0.14501E-03        0.41490E+00        0.17147E+03        0.19534E+05        0.18375E+04        0.27297E-01        0.40652E+06        0.97979E+06        0.13023E+06        0.29283E+07        0.20000E+01        0.92878E+00        0.10767E+01        0.18140E-05        0.27476E+05        0.99999E+00
        0.57778E+00        0.31029E-01        0.59463E-02        0.00000E+00        0.10001E+01        0.19895E+01        0.51069E+00        0.18486E-03        0.35405E-03       -0.22606E-04        0.41830E+00        0.17147E+03        0.19514E+05        0.18394E+04        0.27132E-01        0.40737E+06        0.97387E+06        0.12971E+06        0.29283E+07        0.20000E+01        0.92926E+00        0.10761E+01        0.19042E-05        0.27499E+05        0.10000E+01
        0.57222E+00        0.31909E-01        0.58969E-02        0.00000E+00        0.10001E+01        0.19886E+01        0.51165E+00        0.14454E-03        0.29857E-03       -0.10599E-03        0.42174E+00        0.17147E+03        0.19493E+05        0.18414E+04        0.26967E-01        0.40822E+06        0.96794E+06        0.12919E+06        0.29283E+07        0.20000E+01        0.92975E+00        0.10756E+01        0.20175E-05        0.27522E+05        0.10000E+01
        0.56667E+00        0.32778E-01        0.58470E-02        0.00000E+00        0.10001E+01        0.19876E+01        0.51265E+00        0.13407E-03        0.28750E-03       -0.15450E-03        0.42521E+00        0.17147E+03        0.19472E+05        0.18433E+04        0.26801E-01        0.40905E+06        0.96199E+06        0.12865E+06        0.29283E+07        0.20000E+01        0.93025E+00        0.10750E+01        0.20676E-05        0.27545E+05        0.10000E+01
        0.56111E+00        0.33635E-01        0.57965E-02        0.00000E+00        0.10001E+01        0.19866E+01        0.51366E+00        0.13283E-03        0.28927E-03       -0.18785E-03        0.42872E+00        0.17147E+03        0.19452E+05        0.18453E+04        0.26635E-01        0.40987E+06        0.95603E+06        0.12812E+06        0.29283E+07        0.20000E+01        0.93074E+00        0.10744E+01        0.20486E-05        0.27567E+05        0.10000E+01
        0.55556E+00        0.34484E-01        0.57454E-02        0.00000E+00        0.10001E+01        0.19856E+01        0.51469E+00        0.13503E-03        0.29570E-03       -0.21442E-03        0.43228E+00        0.17147E+03        0.19431E+05        0.18472E+04        0.26468E-01        0.41068E+06        0.95005E+06        0.12757E+06        0.29283E+07        0.20000E+01        0.93124E+00        0.10738E+01        0.19837E-05        0.27590E+05        0.10000E+01
        0.55000E+00        0.35314E-01        0.56938E-02        0.00000E+00        0.10001E+01        0.19845E+01        0.51573E+00        0.13936E-03        0.30536E-03       -0.23847E-03        0.43587E+00        0.17147E+03        0.19410E+05        0.18492E+04        0.26302E-01        0.41149E+06        0.94406E+06        0.12702E+06        0.29282E+07        0.20000E+01        0.93175E+00        0.10733E+01        0.18957E-05        0.27612E+05        0.10000E+01
        0.54444E+00        0.36138E-01        0.56416E-02        0.00000E+00        0.10001E+01        0.19835E+01        0.51676E+00        0.14576E-03        0.31834E-03       -0.26261E-03        0.43949E+00        0.17147E+03        0.19389E+05        0.18512E+04        0.26134E-01        0.41227E+06        0.93807E+06        0.12647E+06        0.29282E+07        0.20000E+01        0.93226E+00        0.10727E+01        0.17997E-05        0.27635E+05        0.10001E+01
        0.53889E+00        0.36950E-01        0.55889E-02        0.00000E+00        0.10001E+01        0.19824E+01        0.51783E+00        0.15474E-03        0.33578E-03       -0.28815E-03        0.44316E+00        0.17147E+03        0.19368E+05        0.18532E+04        0.25967E-01        0.41305E+06        0.93206E+06        0.12590E+06        0.29282E+07        0.20000E+01        0.93277E+00        0.10721E+01        0.17034E-05        0.27657E+05        0.10001E+01
        0.53333E+00        0.37748E-01        0.55356E-02        0.00000E+00        0.10001E+01        0.19813E+01        0.51891E+00        0.16710E-03        0.35904E-03       -0.31700E-03        0.44686E+00        0.17147E+03        0.19347E+05        0.18552E+04        0.25799E-01        0.41381E+06        0.92603E+06        0.12533E+06        0.29282E+07        0.20000E+01        0.93329E+00        0.10715E+01        0.16108E-05        0.27680E+05        0.10001E+01
        0.52778E+00        0.38536E-01        0.54817E-02        0.00000E+00        0.10001E+01        0.19803E+01        0.52000E+00        0.18424E-03        0.39067E-03       -0.35096E-03        0.45061E+00        0.17147E+03        0.19326E+05        0.18573E+04        0.25631E-01        0.41456E+06        0.92000E+06        0.12476E+06        0.29282E+07        0.20000E+01        0.93381E+00        0.10709E+01        0.15242E-05        0.27702E+05        0.10001E+01
        0.52222E+00        0.39310E-01        0.54273E-02        0.00000E+00        0.10001E+01        0.19791E+01        0.52111E+00        0.20839E-03        0.43476E-03       -0.39247E-03        0.45439E+00        0.17147E+03        0.19305E+05        0.18593E+04        0.25463E-01        0.41529E+06        0.91395E+06        0.12417E+06        0.29281E+07        0.20000E+01        0.93433E+00        0.10703E+01        0.14464E-05        0.27725E+05        0.10001E+01
        0.51667E+00        0.40066E-01        0.53724E-02        0.00000E+00        0.10001E+01        0.19780E+01        0.52223E+00        0.24325E-03        0.49867E-03       -0.44455E-03        0.45822E+00        0.17147E+03        0.19284E+05        0.18614E+04        0.25294E-01        0.41601E+06        0.90788E+06        0.12358E+06        0.29281E+07        0.20000E+01        0.93486E+00        0.10697E+01        0.13817E-05        0.27747E+05        0.10001E+01
        0.51111E+00        0.40815E-01        0.53170E-02        0.00000E+00        0.10001E+01        0.19769E+01        0.52336E+00        0.29467E-03        0.59511E-03       -0.51134E-03        0.46209E+00        0.17147E+03        0.19262E+05        0.18634E+04        0.25124E-01        0.41671E+06        0.90181E+06        0.12298E+06        0.29281E+07        0.20000E+01        0.93540E+00        0.10691E+01        0.13398E-05        0.27770E+05        0.10001E+01
        0.50556E+00        0.41550E-01        0.52610E-02        0.00000E+00        0.10001E+01        0.19757E+01        0.52451E+00        0.37234E-03        0.74720E-03       -0.59544E-03        0.46599E+00        0.17147E+03        0.19241E+05        0.18655E+04        0.24955E-01        0.41740E+06        0.89572E+06        0.12238E+06        0.29280E+07        0.20000E+01        0.93593E+00        0.10685E+01        0.13405E-05        0.27792E+05        0.10001E+01
        0.50000E+00        0.42270E-01        0.52046E-02        0.00000E+00        0.10001E+01        0.19746E+01        0.52567E+00        0.49399E-03        0.99949E-03       -0.69581E-03        0.46994E+00        0.17147E+03        0.19219E+05        0.18676E+04        0.24785E-01        0.41807E+06        0.88961E+06        0.12176E+06        0.29280E+07        0.20000E+01        0.93647E+00        0.10678E+01        0.14203E-05        0.27815E+05        0.10001E+01
        0.49444E+00        0.42977E-01        0.51477E-02        0.00000E+00        0.10001E+01        0.19734E+01        0.52685E+00        0.68469E-03        0.14363E-02       -0.79433E-03        0.47393E+00        0.17147E+03        0.19198E+05        0.18697E+04        0.24614E-01        0.41871E+06        0.88349E+06        0.12114E+06        0.29280E+07        0.20000E+01        0.93702E+00        0.10672E+01        0.16344E-05        0.27837E+05        0.10001E+01
        0.48889E+00        0.43673E-01        0.50902E-02        0.00000E+00        0.10001E+01        0.19722E+01        0.52806E+00        0.97108E-03        0.22042E-02       -0.83335E-03        0.47796E+00        0.17147E+03        0.19176E+05        0.18718E+04        0.24443E-01        0.41934E+06        0.87735E+06        0.12051E+06        0.29279E+07        0.20000E+01        0.93757E+00        0.10666E+01        0.20393E-05        0.27859E+05        0.10001E+01
        0.48333E+00        0.44351E-01        0.50323E-02        0.00000E+00        0.10001E+01        0.19710E+01        0.52927E+00        0.13180E-02        0.34278E-02       -0.68732E-03        0.48204E+00        0.17147E+03        0.19154E+05        0.18739E+04        0.24271E-01        0.41994E+06        0.87119E+06        0.11986E+06        0.29279E+07        0.20000E+01        0.93812E+00        0.10660E+01        0.26428E-05        0.27881E+05        0.10001E+01
        0.47778E+00        0.45015E-01        0.49740E-02        0.00000E+00        0.10001E+01        0.19698E+01        0.53051E+00        0.14575E-02        0.46987E-02       -0.26665E-03        0.48615E+00        0.17147E+03        0.19133E+05        0.18761E+04        0.24099E-01        0.42052E+06        0.86501E+06        0.11921E+06        0.29279E+07        0.20000E+01        0.93868E+00        0.10653E+01        0.33362E-05        0.27903E+05        0.10001E+01
        0.47222E+00        0.45662E-01        0.49152E-02        0.00000E+00        0.10001E+01        0.19685E+01        0.53176E+00        0.80330E-03        0.32140E-02        0.21696E-03        0.49030E+00        0.17147E+03        0.19111E+05        0.18782E+04        0.23927E-01        0.42108E+06        0.85882E+06        0.11855E+06        0.29278E+07        0.20000E+01        0.93924E+00        0.10647E+01        0.38790E-05        0.27925E+05        0.10001E+01
        0.46667E+00        0.46296E-01        0.48560E-02        0.00000E+00        0.10001E+01        0.19672E+01        0.53303E+00        0.37694E-03        0.57159E-03        0.33683E-03        0.49449E+00        0.17147E+03        0.19089E+05        0.18804E+04        0.23754E-01        0.42161E+06        0.85262E+06        0.11788E+06        0.29278E+07        0.20000E+01        0.93980E+00        0.10641E+01        0.40026E-05        0.27948E+05        0.10001E+01
        0.46111E+00        0.46918E-01        0.47965E-02        0.00000E+00        0.10001E+01        0.19659E+01        0.53432E+00        0.34342E-03        0.52774E-03        0.34215E-03        0.49871E+00        0.17147E+03        0.19067E+05        0.18825E+04        0.23581E-01        0.42212E+06        0.84642E+06        0.11720E+06        0.29277E+07        0.20000E+01        0.94037E+00        0.10634E+01        0.35992E-05        0.27970E+05        0.10001E+01
        0.45556E+00        0.47545E-01        0.47365E-02        0.00000E+00        0.10001E+01        0.19647E+01        0.53559E+00        0.26137E-03        0.41399E-03        0.31359E-03        0.50298E+00        0.17147E+03        0.19045E+05        0.18847E+04        0.23408E-01        0.42261E+06        0.84021E+06        0.11651E+06        0.29277E+07        0.20000E+01        0.94094E+00        0.10628E+01        0.28294E-05        0.27992E+05        0.10001E+01
        0.45000E+00        0.48185E-01        0.46762E-02        0.00000E+00        0.10001E+01        0.19634E+01        0.53690E+00        0.18339E-03        0.44367E-03        0.25566E-03        0.50730E+00        0.17147E+03        0.19023E+05        0.18869E+04        0.23235E-01        0.42308E+06        0.83399E+06        0.11581E+06        0.29276E+07        0.20000E+01        0.94151E+00        0.10621E+01        0.20262E-05        0.28014E+05        0.10002E+01
        0.44444E+00        0.48838E-01        0.46157E-02        0.00000E+00        0.10001E+01        0.19620E+01        0.53823E+00        0.50474E-03        0.22381E-02        0.28111E-03        0.51165E+00        0.17147E+03        0.19001E+05        0.18891E+04        0.23061E-01        0.42352E+06        0.82775E+06        0.11510E+06        0.29276E+07        0.20000E+01        0.94208E+00        0.10615E+01        0.14721E-05        0.28036E+05        0.10002E+01
        0.43889E+00        0.49501E-01        0.45551E-02        0.00000E+00        0.10001E+01        0.19607E+01        0.53959E+00        0.57126E-03        0.18518E-02        0.31947E-03        0.51605E+00        0.17147E+03        0.18978E+05        0.18913E+04        0.22887E-01        0.42393E+06        0.82150E+06        0.11438E+06        0.29275E+07        0.20000E+01        0.94266E+00        0.10608E+01        0.12499E-05        0.28058E+05        0.10002E+01
        0.43333E+00        0.50180E-01        0.44944E-02        0.00000E+00        0.10001E+01        0.19593E+01        0.54096E+00        0.39418E-03        0.99519E-03        0.22851E-03        0.52049E+00        0.17147E+03        0.18956E+05        0.18935E+04        0.22712E-01        0.42431E+06        0.81522E+06        0.11364E+06        0.29275E+07        0.20000E+01        0.94325E+00        0.10602E+01        0.12670E-05        0.28080E+05        0.10002E+01
        0.42778E+00        0.50883E-01        0.44338E-02        0.00000E+00        0.10001E+01        0.19579E+01        0.54238E+00        0.25225E-03        0.51904E-03        0.92456E-04        0.52496E+00        0.17147E+03        0.18934E+05        0.18957E+04        0.22536E-01        0.42465E+06        0.80892E+06        0.11290E+06        0.29274E+07        0.20000E+01        0.94384E+00        0.10595E+01        0.13764E-05        0.28102E+05        0.10002E+01
        0.42222E+00        0.51605E-01        0.43734E-02        0.00000E+00        0.10001E+01        0.19565E+01        0.54379E+00        0.17654E-03        0.31988E-03       -0.19552E-04        0.52948E+00        0.17147E+03        0.18912E+05        0.18980E+04        0.22360E-01        0.42495E+06        0.80260E+06        0.11214E+06        0.29274E+07        0.20000E+01        0.94443E+00        0.10588E+01        0.14731E-05        0.28124E+05        0.10002E+01
        0.41667E+00        0.52345E-01        0.43133E-02        0.00000E+00        0.10001E+01        0.19551E+01        0.54522E+00        0.14333E-03        0.24673E-03       -0.94372E-04        0.53403E+00        0.17147E+03        0.18889E+05        0.19002E+04        0.22184E-01        0.42522E+06        0.79625E+06        0.11137E+06        0.29273E+07        0.20000E+01        0.94503E+00        0.10582E+01        0.15165E-05        0.28145E+05        0.10002E+01
        0.41111E+00        0.53108E-01        0.42534E-02        0.00000E+00        0.10001E+01        0.19536E+01        0.54667E+00        0.12830E-03        0.21978E-03       -0.14365E-03        0.53862E+00        0.17147E+03        0.18867E+05        0.19025E+04        0.22006E-01        0.42545E+06        0.78989E+06        0.11058E+06        0.29273E+07        0.20000E+01        0.94563E+00        0.10575E+01        0.15090E-05        0.28167E+05        0.10002E+01
        0.40556E+00        0.53898E-01        0.41939E-02        0.00000E+00        0.10001E+01        0.19521E+01        0.54814E+00        0.12175E-03        0.21017E-03       -0.17915E-03        0.54326E+00        0.17147E+03        0.18844E+05        0.19047E+04        0.21828E-01        0.42565E+06        0.78351E+06        0.10979E+06        0.29272E+07        0.20000E+01        0.94623E+00        0.10568E+01        0.14682E-05        0.28188E+05        0.10002E+01
        0.40000E+00        0.54711E-01        0.41350E-02        0.00000E+00        0.10001E+01        0.19507E+01        0.54962E+00        0.11934E-03        0.20815E-03       -0.20857E-03        0.54792E+00        0.17147E+03        0.18822E+05        0.19070E+04        0.21650E-01        0.42579E+06        0.77711E+06        0.10897E+06        0.29272E+07        0.20000E+01        0.94684E+00        0.10561E+01        0.14105E-05        0.28209E+05        0.10002E+01
        0.90250E+00       -0.43934E+00        0.20031E-01        0.00000E+00        0.10002E+01        0.20662E+01        0.43411E+00        0.13143E-02        0.43531E-02       -0.19022E-03        0.26895E+00        0.17147E+03        0.20610E+05        0.17415E+04        0.36684E-01        0.35414E+06        0.13167E+07        0.15697E+06        0.29276E+07        0.20000E+01        0.90865E+00        0.11005E+01        0.98120E-05        0.26061E+05        0.99883E+00
        0.88531E+00       -0.36002E+00        0.17744E-01        0.00000E+00        0.10002E+01        0.20594E+01        0.44090E+00        0.16141E-02        0.64654E-02        0.10468E-02        0.27692E+00        0.17147E+03        0.20551E+05        0.17465E+04        0.36126E-01        0.35908E+06        0.12967E+07        0.15593E+06        0.29273E+07        0.20000E+01        0.90892E+00        0.11002E+01        0.99541E-05        0.26181E+05        0.99897E+00
        0.86829E+00       -0.28635E+00        0.15711E-01        0.00000E+00        0.10002E+01        0.20529E+01        0.44743E+00        0.13474E-01        0.58440E-01        0.89652E-02        0.28417E+00        0.17147E+03        0.20493E+05        0.17515E+04        0.35586E-01        0.36298E+06        0.12773E+07        0.15474E+06        0.29272E+07        0.20000E+01        0.90945E+00        0.10996E+01        0.20202E-04        0.26283E+05        0.99909E+00
        0.85143E+00       -0.22611E+00        0.13936E-01        0.00000E+00        0.10001E+01        0.20468E+01        0.45346E+00        0.52547E-02        0.18216E-01        0.33296E-03        0.29091E+00        0.17147E+03        0.20435E+05        0.17565E+04        0.35078E-01        0.36628E+06        0.12591E+07        0.15345E+06        0.29270E+07        0.20000E+01        0.91002E+00        0.10989E+01        0.86964E-05        0.26382E+05        0.99918E+00
        0.83473E+00       -0.18004E+00        0.12430E-01        0.00000E+00        0.10001E+01        0.20412E+01        0.45906E+00        0.97387E-02        0.34808E-01       -0.10851E-01        0.29730E+00        0.17147E+03        0.20380E+05        0.17613E+04        0.34579E-01        0.36900E+06        0.12412E+07        0.15209E+06        0.29270E+07        0.20000E+01        0.91078E+00        0.10980E+01        0.13723E-04        0.26468E+05        0.99927E+00
        0.81820E+00       -0.14471E+00        0.11177E-01        0.00000E+00        0.10001E+01        0.20360E+01        0.46429E+00        0.10445E-01        0.34549E-01       -0.95320E-02        0.30347E+00        0.17147E+03        0.20325E+05        0.17660E+04        0.34093E-01        0.37136E+06        0.12237E+07        0.15067E+06        0.29270E+07        0.20000E+01        0.91167E+00        0.10969E+01        0.11964E-04        0.26542E+05        0.99934E+00
        0.80184E+00       -0.11677E+00        0.10149E-01        0.00000E+00        0.10001E+01        0.20312E+01        0.46907E+00        0.86687E-02        0.27609E-01       -0.66460E-02        0.30954E+00        0.17147E+03        0.20272E+05        0.17706E+04        0.33618E-01        0.37352E+06        0.12067E+07        0.14922E+06        0.29271E+07        0.20000E+01        0.91263E+00        0.10957E+01        0.91364E-05        0.26611E+05        0.99940E+00
        0.78564E+00       -0.93889E-01        0.93128E-02        0.00000E+00        0.10001E+01        0.20269E+01        0.47339E+00        0.64895E-02        0.21901E-01       -0.33719E-02        0.31562E+00        0.17147E+03        0.20219E+05        0.17752E+04        0.33152E-01        0.37557E+06        0.11900E+07        0.14777E+06        0.29272E+07        0.20000E+01        0.91364E+00        0.10945E+01        0.64788E-05        0.26676E+05        0.99946E+00
        0.76961E+00       -0.74136E-01        0.86373E-02        0.00000E+00        0.10001E+01        0.20229E+01        0.47734E+00        0.43747E-02        0.17749E-01        0.32417E-03        0.32178E+00        0.17147E+03        0.20168E+05        0.17797E+04        0.32693E-01        0.37761E+06        0.11735E+07        0.14633E+06        0.29273E+07        0.20000E+01        0.91468E+00        0.10933E+01        0.46897E-05        0.26738E+05        0.99952E+00
        0.75374E+00       -0.56186E-01        0.80972E-02        0.00000E+00        0.10001E+01        0.20193E+01        0.48097E+00        0.33695E-02        0.64113E-02        0.16917E-02        0.32810E+00        0.17147E+03        0.20117E+05        0.17843E+04        0.32239E-01        0.37967E+06        0.11572E+07        0.14492E+06        0.29274E+07        0.20000E+01        0.91576E+00        0.10920E+01        0.77708E-05        0.26797E+05        0.99957E+00
        0.73804E+00       -0.39248E-01        0.76742E-02        0.00000E+00        0.10001E+01        0.20160E+01        0.48424E+00        0.11475E-02        0.18652E-02        0.51439E-03        0.33458E+00        0.17147E+03        0.20066E+05        0.17888E+04        0.31789E-01        0.38177E+06        0.11410E+07        0.14354E+06        0.29276E+07        0.20000E+01        0.91684E+00        0.10907E+01        0.72141E-05        0.26857E+05        0.99962E+00
        0.72250E+00       -0.24190E-01        0.73488E-02        0.00000E+00        0.10001E+01        0.20131E+01        0.48716E+00        0.11784E-02        0.22958E-02        0.35985E-03        0.34131E+00        0.17147E+03        0.20015E+05        0.17933E+04        0.31347E-01        0.38402E+06        0.11252E+07        0.14220E+06        0.29277E+07        0.20000E+01        0.91790E+00        0.10894E+01        0.37346E-05        0.26919E+05        0.99966E+00
        0.70713E+00       -0.11395E-01        0.70990E-02        0.00000E+00        0.10001E+01        0.20104E+01        0.48984E+00        0.59048E-03        0.15846E-02       -0.89044E-04        0.34827E+00        0.17147E+03        0.19965E+05        0.17979E+04        0.30907E-01        0.38636E+06        0.11094E+07        0.14090E+06        0.29278E+07        0.20000E+01        0.91898E+00        0.10882E+01        0.45785E-05        0.26980E+05        0.99971E+00
        0.69192E+00       -0.71635E-03        0.69056E-02        0.00000E+00        0.10001E+01        0.20079E+01        0.49234E+00        0.55308E-01        0.18185E+00       -0.11322E-02        0.35547E+00        0.17147E+03        0.19914E+05        0.18024E+04        0.30470E-01        0.38877E+06        0.10937E+07        0.13963E+06        0.29279E+07        0.20000E+01        0.92009E+00        0.10869E+01        0.42970E-05        0.27040E+05        0.99975E+00
        0.67688E+00        0.79002E-02        0.67531E-02        0.00000E+00        0.10001E+01        0.20055E+01        0.49471E+00        0.12643E-02        0.35717E-02       -0.56061E-03        0.36288E+00        0.17147E+03        0.19864E+05        0.18070E+04        0.30036E-01        0.39122E+06        0.10781E+07        0.13837E+06        0.29280E+07        0.20000E+01        0.92121E+00        0.10855E+01        0.35006E-05        0.27099E+05        0.99979E+00
        0.66200E+00        0.14443E-01        0.66274E-02        0.00000E+00        0.10001E+01        0.20032E+01        0.49699E+00        0.61642E-03        0.16855E-02       -0.51621E-03        0.37049E+00        0.17147E+03        0.19813E+05        0.18116E+04        0.29605E-01        0.39370E+06        0.10626E+07        0.13713E+06        0.29281E+07        0.20000E+01        0.92234E+00        0.10842E+01        0.27619E-05        0.27159E+05        0.99983E+00
        0.64729E+00        0.18870E-01        0.65150E-02        0.00000E+00        0.10001E+01        0.20010E+01        0.49924E+00        0.61596E-03        0.15858E-02       -0.61730E-03        0.37827E+00        0.17147E+03        0.19762E+05        0.18163E+04        0.29178E-01        0.39617E+06        0.10473E+07        0.13590E+06        0.29282E+07        0.20000E+01        0.92348E+00        0.10829E+01        0.22565E-05        0.27217E+05        0.99986E+00
        0.63275E+00        0.21727E-01        0.64035E-02        0.00000E+00        0.10001E+01        0.19987E+01        0.50151E+00        0.10439E-02        0.23679E-02       -0.90089E-03        0.38621E+00        0.17147E+03        0.19712E+05        0.18209E+04        0.28753E-01        0.39859E+06        0.10320E+07        0.13465E+06        0.29282E+07        0.20000E+01        0.92465E+00        0.10815E+01        0.31234E-05        0.27275E+05        0.99989E+00
        0.61837E+00        0.24292E-01        0.62894E-02        0.00000E+00        0.10001E+01        0.19964E+01        0.50383E+00        0.38040E-02        0.13647E-01       -0.64370E-03        0.39428E+00        0.17147E+03        0.19661E+05        0.18257E+04        0.28330E-01        0.40093E+06        0.10169E+07        0.13340E+06        0.29283E+07        0.20000E+01        0.92583E+00        0.10801E+01        0.59024E-05        0.27333E+05        0.99993E+00
        0.60415E+00        0.26716E-01        0.61730E-02        0.00000E+00        0.10001E+01        0.19941E+01        0.50617E+00        0.30759E-03        0.63031E-03        0.36443E-03        0.40247E+00        0.17147E+03        0.19610E+05        0.18304E+04        0.27911E-01        0.40321E+06        0.10019E+07        0.13214E+06        0.29283E+07        0.20000E+01        0.92701E+00        0.10787E+01        0.47482E-05        0.27390E+05        0.99995E+00
        0.59010E+00        0.29039E-01        0.60539E-02        0.00000E+00        0.10001E+01        0.19917E+01        0.50854E+00        0.96980E-03        0.20834E-02        0.60419E-03        0.41080E+00        0.17147E+03        0.19559E+05        0.18352E+04        0.27497E-01        0.40546E+06        0.98699E+06        0.13086E+06        0.29283E+07        0.20000E+01        0.92820E+00        0.10774E+01        0.20350E-05        0.27449E+05        0.99998E+00
        0.57622E+00        0.31275E-01        0.59325E-02        0.00000E+00        0.10001E+01        0.19893E+01        0.51096E+00        0.16795E-03        0.32972E-03       -0.51518E-04        0.41926E+00        0.17147E+03        0.19508E+05        0.18400E+04        0.27086E-01        0.40761E+06        0.97221E+06        0.12957E+06        0.29283E+07        0.20000E+01        0.92940E+00        0.10760E+01        0.19394E-05        0.27506E+05        0.10000E+01
        0.56250E+00        0.33422E-01        0.58092E-02        0.00000E+00        0.10001E+01        0.19868E+01        0.51341E+00        0.13268E-03        0.28817E-03       -0.18040E-03        0.42784E+00        0.17147E+03        0.19457E+05        0.18448E+04        0.26676E-01        0.40967E+06        0.95752E+06        0.12825E+06        0.29283E+07        0.20000E+01        0.93062E+00        0.10746E+01        0.20587E-05        0.27561E+05        0.10000E+01
        0.54895E+00        0.35473E-01        0.56839E-02        0.00000E+00        0.10001E+01        0.19843E+01        0.51593E+00        0.14039E-03        0.30747E-03       -0.24300E-03        0.43655E+00        0.17147E+03        0.19406E+05        0.18496E+04        0.26270E-01        0.41164E+06        0.94293E+06        0.12692E+06        0.29282E+07        0.20000E+01        0.93184E+00        0.10731E+01        0.18778E-05        0.27617E+05        0.10000E+01
        0.53556E+00        0.37432E-01        0.55570E-02        0.00000E+00        0.10001E+01        0.19818E+01        0.51848E+00        0.16167E-03        0.34889E-03       -0.30499E-03        0.44537E+00        0.17147E+03        0.19356E+05        0.18544E+04        0.25866E-01        0.41350E+06        0.92845E+06        0.12556E+06        0.29282E+07        0.20000E+01        0.93308E+00        0.10717E+01        0.16472E-05        0.27671E+05        0.10001E+01
        0.52233E+00        0.39294E-01        0.54284E-02        0.00000E+00        0.10001E+01        0.19792E+01        0.52108E+00        0.20781E-03        0.43370E-03       -0.39153E-03        0.45432E+00        0.17147E+03        0.19305E+05        0.18593E+04        0.25466E-01        0.41528E+06        0.91407E+06        0.12419E+06        0.29281E+07        0.20000E+01        0.93432E+00        0.10703E+01        0.14478E-05        0.27725E+05        0.10001E+01
        0.50928E+00        0.41057E-01        0.52986E-02        0.00000E+00        0.10001E+01        0.19765E+01        0.52374E+00        0.31670E-03        0.63749E-03       -0.53699E-03        0.46337E+00        0.17147E+03        0.19255E+05        0.18641E+04        0.25068E-01        0.41694E+06        0.89980E+06        0.12278E+06        0.29281E+07        0.20000E+01        0.93557E+00        0.10689E+01        0.13340E-05        0.27777E+05        0.10001E+01
        0.49638E+00        0.42731E-01        0.51676E-02        0.00000E+00        0.10001E+01        0.19738E+01        0.52644E+00        0.60874E-03        0.12551E-02       -0.76248E-03        0.47253E+00        0.17147E+03        0.19205E+05        0.18690E+04        0.24674E-01        0.41849E+06        0.88563E+06        0.12136E+06        0.29280E+07        0.20000E+01        0.93683E+00        0.10674E+01        0.15404E-05        0.27829E+05        0.10001E+01
        0.48366E+00        0.44311E-01        0.50357E-02        0.00000E+00        0.10001E+01        0.19711E+01        0.52920E+00        0.12986E-02        0.33450E-02       -0.70338E-03        0.48180E+00        0.17147E+03        0.19156E+05        0.18738E+04        0.24281E-01        0.41991E+06        0.87155E+06        0.11990E+06        0.29279E+07        0.20000E+01        0.93809E+00        0.10660E+01        0.26034E-05        0.27880E+05        0.10001E+01
        0.47110E+00        0.45795E-01        0.49032E-02        0.00000E+00        0.10001E+01        0.19682E+01        0.53202E+00        0.61894E-03        0.23232E-02        0.27180E-03        0.49115E+00        0.17147E+03        0.19106E+05        0.18786E+04        0.23892E-01        0.42119E+06        0.85757E+06        0.11842E+06        0.29278E+07        0.20000E+01        0.93935E+00        0.10646E+01        0.39450E-05        0.27930E+05        0.10001E+01
        0.45870E+00        0.47188E-01        0.47705E-02        0.00000E+00        0.10001E+01        0.19654E+01        0.53488E+00        0.31186E-03        0.48452E-03        0.33400E-03        0.50056E+00        0.17147E+03        0.19057E+05        0.18835E+04        0.23506E-01        0.42234E+06        0.84373E+06        0.11691E+06        0.29277E+07        0.20000E+01        0.94062E+00        0.10631E+01        0.32919E-05        0.27979E+05        0.10001E+01
        0.44647E+00        0.48597E-01        0.46377E-02        0.00000E+00        0.10001E+01        0.19625E+01        0.53774E+00        0.35530E-03        0.16905E-02        0.25301E-03        0.51006E+00        0.17147E+03        0.19009E+05        0.18883E+04        0.23124E-01        0.42337E+06        0.83003E+06        0.11536E+06        0.29276E+07        0.20000E+01        0.94187E+00        0.10617E+01        0.16350E-05        0.28028E+05        0.10002E+01
        0.43440E+00        0.50050E-01        0.45061E-02        0.00000E+00        0.10001E+01        0.19596E+01        0.54070E+00        0.43066E-03        0.11351E-02        0.25291E-03        0.51963E+00        0.17147E+03        0.18961E+05        0.18931E+04        0.22746E-01        0.42424E+06        0.81643E+06        0.11379E+06        0.29275E+07        0.20000E+01        0.94313E+00        0.10603E+01        0.12522E-05        0.28076E+05        0.10002E+01
        0.42250E+00        0.51568E-01        0.43765E-02        0.00000E+00        0.10001E+01        0.19566E+01        0.54372E+00        0.17901E-03        0.32583E-03       -0.14891E-04        0.52925E+00        0.17147E+03        0.18913E+05        0.18979E+04        0.22369E-01        0.42494E+06        0.80291E+06        0.11218E+06        0.29274E+07        0.20000E+01        0.94440E+00        0.10589E+01        0.14694E-05        0.28123E+05        0.10002E+01
        0.41076E+00        0.53157E-01        0.42497E-02        0.00000E+00        0.10001E+01        0.19535E+01        0.54676E+00        0.12771E-03        0.21883E-03       -0.14616E-03        0.53891E+00        0.17147E+03        0.18865E+05        0.19026E+04        0.21995E-01        0.42547E+06        0.78949E+06        0.11053E+06        0.29273E+07        0.20000E+01        0.94566E+00        0.10575E+01        0.15072E-05        0.28168E+05        0.10002E+01
        0.39919E+00        0.54831E-01        0.41265E-02        0.00000E+00        0.10001E+01        0.19504E+01        0.54984E+00        0.11922E-03        0.20827E-03       -0.21267E-03        0.54860E+00        0.17147E+03        0.18819E+05        0.19074E+04        0.21624E-01        0.42581E+06        0.77618E+06        0.10886E+06        0.29272E+07        0.20000E+01        0.94693E+00        0.10560E+01        0.14014E-05        0.28212E+05        0.10002E+01
        0.38779E+00        0.56600E-01        0.40077E-02        0.00000E+00        0.10001E+01        0.19473E+01        0.55295E+00        0.12262E-03        0.21893E-03       -0.27370E-03        0.55832E+00        0.17147E+03        0.18772E+05        0.19121E+04        0.21256E-01        0.42598E+06        0.76296E+06        0.10714E+06        0.29271E+07        0.20000E+01        0.94819E+00        0.10546E+01        0.12703E-05        0.28255E+05        0.10002E+01
        0.37655E+00        0.58491E-01        0.38939E-02        0.00000E+00        0.10001E+01        0.19442E+01        0.55610E+00        0.13552E-03        0.24590E-03       -0.35132E-03        0.56805E+00        0.17147E+03        0.18727E+05        0.19167E+04        0.20891E-01        0.42595E+06        0.74984E+06        0.10540E+06        0.29269E+07        0.20000E+01        0.94945E+00        0.10532E+01        0.11511E-05        0.28297E+05        0.10002E+01
        0.36548E+00        0.60503E-01        0.37857E-02        0.00000E+00        0.10001E+01        0.19410E+01        0.55925E+00        0.16053E-03        0.29451E-03       -0.45795E-03        0.57778E+00        0.17147E+03        0.18681E+05        0.19214E+04        0.20528E-01        0.42572E+06        0.73683E+06        0.10362E+06        0.29268E+07        0.20000E+01        0.95071E+00        0.10519E+01        0.10501E-05        0.28338E+05        0.10002E+01
        0.35457E+00        0.62655E-01        0.36836E-02        0.00000E+00        0.10001E+01        0.19379E+01        0.56242E+00        0.20435E-03        0.38002E-03       -0.60506E-03        0.58750E+00        0.17147E+03        0.18637E+05        0.19260E+04        0.20168E-01        0.42530E+06        0.72390E+06        0.10180E+06        0.29267E+07        0.20000E+01        0.95196E+00        0.10505E+01        0.97003E-06        0.28378E+05        0.10002E+01
        0.34382E+00        0.64809E-01        0.35878E-02        0.00000E+00        0.10001E+01        0.19347E+01        0.56560E+00        0.27615E-03        0.53148E-03       -0.78616E-03        0.59719E+00        0.17147E+03        0.18592E+05        0.19306E+04        0.19811E-01        0.42465E+06        0.71108E+06        0.99950E+05        0.29267E+07        0.20000E+01        0.95320E+00        0.10491E+01        0.91775E-06        0.28416E+05        0.10002E+01
        0.33324E+00        0.66898E-01        0.34977E-02        0.00000E+00        0.10001E+01        0.19315E+01        0.56879E+00        0.39584E-03        0.80407E-03       -0.94692E-03        0.60686E+00        0.17147E+03        0.18549E+05        0.19351E+04        0.19456E-01        0.42380E+06        0.69835E+06        0.98067E+05        0.29266E+07        0.20000E+01        0.95444E+00        0.10477E+01        0.91463E-06        0.28454E+05        0.10002E+01
        0.32283E+00        0.68911E-01        0.34129E-02        0.00000E+00        0.10001E+01        0.19283E+01        0.57199E+00        0.57330E-03        0.12667E-02       -0.91802E-03        0.61648E+00        0.17147E+03        0.18506E+05        0.19396E+04        0.19104E-01        0.42272E+06        0.68570E+06        0.96150E+05        0.29265E+07        0.20000E+01        0.95568E+00        0.10464E+01        0.10201E-05        0.28490E+05        0.10002E+01
        0.31258E+00        0.70863E-01        0.33328E-02        0.00000E+00        0.10001E+01        0.19251E+01        0.57520E+00        0.81665E-03        0.19782E-02       -0.51471E-03        0.62604E+00        0.17147E+03        0.18463E+05        0.19441E+04        0.18754E-01        0.42141E+06        0.67314E+06        0.94201E+05        0.29264E+07        0.20000E+01        0.95691E+00        0.10450E+01        0.13587E-05        0.28525E+05        0.10002E+01
        0.30250E+00        0.72740E-01        0.32568E-02        0.00000E+00        0.10002E+01        0.19218E+01        0.57845E+00        0.10163E-02        0.27317E-02        0.19270E-03        0.63553E+00        0.17147E+03        0.18421E+05        0.19485E+04        0.18406E-01        0.41987E+06        0.66066E+06        0.92222E+05        0.29264E+07        0.20000E+01        0.95813E+00        0.10437E+01        0.20430E-05        0.28560E+05        0.10002E+01
        0.29258E+00        0.74544E-01        0.31846E-02        0.00000E+00        0.10002E+01        0.19186E+01        0.58171E+00        0.94922E-03        0.23591E-02        0.88354E-03        0.64495E+00        0.17147E+03        0.18380E+05        0.19529E+04        0.18061E-01        0.41810E+06        0.64826E+06        0.90213E+05        0.29263E+07        0.20000E+01        0.95934E+00        0.10424E+01        0.28618E-05        0.28593E+05        0.10002E+01
        0.28283E+00        0.76273E-01        0.31156E-02        0.00000E+00        0.10002E+01        0.19153E+01        0.58499E+00        0.87173E-03        0.13803E-02        0.11351E-02        0.65427E+00        0.17147E+03        0.18339E+05        0.19572E+04        0.17718E-01        0.41609E+06        0.63596E+06        0.88177E+05        0.29263E+07        0.20000E+01        0.96054E+00        0.10411E+01        0.31525E-05        0.28625E+05        0.10002E+01
        0.27324E+00        0.77925E-01        0.30495E-02        0.00000E+00        0.10002E+01        0.19120E+01        0.58830E+00        0.65512E-03        0.10608E-02        0.10427E-02        0.66348E+00        0.17147E+03        0.18299E+05        0.19615E+04        0.17378E-01        0.41385E+06        0.62376E+06        0.86115E+05        0.29262E+07        0.20000E+01        0.96173E+00        0.10398E+01        0.25450E-05        0.28656E+05        0.10002E+01
        0.26382E+00        0.79500E-01        0.29857E-02        0.00000E+00        0.10002E+01        0.19087E+01        0.59162E+00        0.27633E-03        0.46522E-03        0.63660E-03        0.67261E+00        0.17147E+03        0.18259E+05        0.19658E+04        0.17041E-01        0.41141E+06        0.61166E+06        0.84029E+05        0.29262E+07        0.20000E+01        0.96291E+00        0.10385E+01        0.16360E-05        0.28687E+05        0.10002E+01
        0.25457E+00        0.80993E-01        0.29238E-02        0.00000E+00        0.10002E+01        0.19053E+01        0.59498E+00        0.71879E-04        0.13570E-03        0.37539E-04        0.68162E+00        0.17147E+03        0.18220E+05        0.19700E+04        0.16706E-01        0.40873E+06        0.59964E+06        0.81922E+05        0.29262E+07        0.20000E+01        0.96407E+00        0.10373E+01        0.12361E-05        0.28717E+05        0.10002E+01
        0.24548E+00        0.82410E-01        0.28636E-02        0.00000E+00        0.10001E+01        0.19019E+01        0.59837E+00        0.18565E-03        0.56539E-03       -0.56019E-03        0.69051E+00        0.17147E+03        0.18182E+05        0.19742E+04        0.16373E-01        0.40581E+06        0.58769E+06        0.79795E+05        0.29262E+07        0.20000E+01        0.96523E+00        0.10360E+01        0.14157E-05        0.28746E+05        0.10002E+01
        0.23655E+00        0.83740E-01        0.28046E-02        0.00000E+00        0.10002E+01        0.18985E+01        0.60181E+00        0.39233E-03        0.87470E-03       -0.10152E-02        0.69928E+00        0.17147E+03        0.18144E+05        0.19783E+04        0.16042E-01        0.40265E+06        0.57580E+06        0.77652E+05        0.29262E+07        0.20000E+01        0.96637E+00        0.10348E+01        0.17432E-05        0.28773E+05        0.10002E+01
        0.22779E+00        0.84988E-01        0.27464E-02        0.00000E+00        0.10001E+01        0.18950E+01        0.60530E+00        0.50571E-03        0.94485E-03       -0.13154E-02        0.70793E+00        0.17147E+03        0.18107E+05        0.19824E+04        0.15712E-01        0.39925E+06        0.56397E+06        0.75494E+05        0.29262E+07        0.20000E+01        0.96750E+00        0.10336E+01        0.19160E-05        0.28800E+05        0.10002E+01
        0.21919E+00        0.86147E-01        0.26888E-02        0.00000E+00        0.10001E+01        0.18915E+01        0.60883E+00        0.54220E-03        0.95319E-03       -0.14744E-02        0.71643E+00        0.17147E+03        0.18070E+05        0.19864E+04        0.15384E-01        0.39562E+06        0.55221E+06        0.73324E+05        0.29262E+07        0.20000E+01        0.96862E+00        0.10324E+01        0.19033E-05        0.28826E+05        0.10002E+01
        0.21076E+00        0.87222E-01        0.26315E-02        0.00000E+00        0.10001E+01        0.18879E+01        0.61240E+00        0.53922E-03        0.93161E-03       -0.15367E-02        0.72481E+00        0.17147E+03        0.18034E+05        0.19903E+04        0.15058E-01        0.39176E+06        0.54051E+06        0.71146E+05        0.29262E+07        0.20000E+01        0.96973E+00        0.10312E+01        0.17853E-05        0.28851E+05        0.10002E+01
        0.20250E+00        0.88202E-01        0.25740E-02        0.00000E+00        0.10001E+01        0.18842E+01        0.61603E+00        0.51795E-03        0.89221E-03       -0.15514E-02        0.73305E+00        0.17147E+03        0.17999E+05        0.19943E+04        0.14734E-01        0.38769E+06        0.52887E+06        0.68961E+05        0.29263E+07        0.20000E+01        0.97082E+00        0.10301E+01        0.16327E-05        0.28876E+05        0.10002E+01
        0.19440E+00        0.89090E-01        0.25162E-02        0.00000E+00        0.10001E+01        0.18805E+01        0.61974E+00        0.49310E-03        0.85018E-03       -0.15467E-02        0.74116E+00        0.17147E+03        0.17964E+05        0.19981E+04        0.14412E-01        0.38340E+06        0.51729E+06        0.66774E+05        0.29263E+07        0.20000E+01        0.97190E+00        0.10289E+01        0.14812E-05        0.28899E+05        0.10002E+01
        0.18647E+00        0.89886E-01        0.24579E-02        0.00000E+00        0.10001E+01        0.18768E+01        0.62350E+00        0.46956E-03        0.81193E-03       -0.15387E-02        0.74912E+00        0.17147E+03        0.17930E+05        0.20019E+04        0.14091E-01        0.37889E+06        0.50578E+06        0.64585E+05        0.29264E+07        0.20000E+01        0.97296E+00        0.10278E+01        0.13432E-05        0.28922E+05        0.10002E+01
        0.17870E+00        0.90582E-01        0.23987E-02        0.00000E+00        0.10001E+01        0.18730E+01        0.62732E+00        0.44950E-03        0.77953E-03       -0.15315E-02        0.75695E+00        0.17147E+03        0.17896E+05        0.20057E+04        0.13772E-01        0.37417E+06        0.49432E+06        0.62399E+05        0.29265E+07        0.20000E+01        0.97400E+00        0.10267E+01        0.12210E-05        0.28945E+05        0.10002E+01
        0.17110E+00        0.91185E-01        0.23387E-02        0.00000E+00        0.10001E+01        0.18690E+01        0.63124E+00        0.43324E-03        0.75415E-03       -0.15265E-02        0.76461E+00        0.17147E+03        0.17863E+05        0.20094E+04        0.13454E-01        0.36925E+06        0.48292E+06        0.60217E+05        0.29265E+07        0.20000E+01        0.97503E+00        0.10256E+01        0.11133E-05        0.28966E+05        0.10002E+01
        0.16366E+00        0.91693E-01        0.22776E-02        0.00000E+00        0.10001E+01        0.18650E+01        0.63523E+00        0.42032E-03        0.73473E-03       -0.15244E-02        0.77216E+00        0.17147E+03        0.17831E+05        0.20130E+04        0.13138E-01        0.36413E+06        0.47158E+06        0.58043E+05        0.29266E+07        0.20000E+01        0.97605E+00        0.10245E+01        0.10180E-05        0.28987E+05        0.10002E+01
        0.15638E+00        0.92096E-01        0.22153E-02        0.00000E+00        0.10001E+01        0.18610E+01        0.63931E+00        0.41003E-03        0.72051E-03       -0.15221E-02        0.77954E+00        0.17147E+03        0.17799E+05        0.20166E+04        0.12824E-01        0.35881E+06        0.46029E+06        0.55878E+05        0.29267E+07        0.20000E+01        0.97704E+00        0.10235E+01        0.93348E-06        0.29007E+05        0.10002E+01
        0.14928E+00        0.92399E-01        0.21518E-02        0.00000E+00        0.10001E+01        0.18568E+01        0.64349E+00        0.40209E-03        0.71113E-03       -0.15201E-02        0.78678E+00        0.17147E+03        0.17768E+05        0.20202E+04        0.12510E-01        0.35330E+06        0.44904E+06        0.53726E+05        0.29268E+07        0.20000E+01        0.97802E+00        0.10225E+01        0.85810E-06        0.29027E+05        0.10002E+01
        0.14233E+00        0.92602E-01        0.20871E-02        0.00000E+00        0.10001E+01        0.18525E+01        0.64775E+00        0.39615E-03        0.70587E-03       -0.15165E-02        0.79387E+00        0.17147E+03        0.17737E+05        0.20236E+04        0.12199E-01        0.34760E+06        0.43785E+06        0.51588E+05        0.29269E+07        0.20000E+01        0.97899E+00        0.10215E+01        0.79065E-06        0.29046E+05        0.10002E+01
        0.13556E+00        0.92700E-01        0.20210E-02        0.00000E+00        0.10001E+01        0.18481E+01        0.65213E+00        0.39192E-03        0.70426E-03       -0.15107E-02        0.80082E+00        0.17147E+03        0.17708E+05        0.20270E+04        0.11888E-01        0.34172E+06        0.42671E+06        0.49469E+05        0.29270E+07        0.20000E+01        0.97993E+00        0.10205E+01        0.73013E-06        0.29064E+05        0.10002E+01
        0.12895E+00        0.92705E-01        0.19539E-02        0.00000E+00        0.10001E+01        0.18436E+01        0.65663E+00        0.38918E-03        0.70587E-03       -0.15006E-02        0.80762E+00        0.17147E+03        0.17678E+05        0.20304E+04        0.11579E-01        0.33566E+06        0.41561E+06        0.47369E+05        0.29271E+07        0.20000E+01        0.98086E+00        0.10195E+01        0.67576E-06        0.29082E+05        0.10002E+01
        0.12250E+00        0.92604E-01        0.18856E-02        0.00000E+00        0.10001E+01        0.18391E+01        0.66122E+00        0.38757E-03        0.70996E-03       -0.14864E-02        0.81429E+00        0.17147E+03        0.17650E+05        0.20337E+04        0.11271E-01        0.32943E+06        0.40456E+06        0.45292E+05        0.29272E+07        0.20000E+01        0.98177E+00        0.10186E+01        0.62684E-06        0.29099E+05        0.10002E+01
        0.11622E+00        0.92409E-01        0.18163E-02        0.00000E+00        0.10001E+01        0.18343E+01        0.66593E+00        0.38691E-03        0.71636E-03       -0.14670E-02        0.82082E+00        0.17147E+03        0.17622E+05        0.20369E+04        0.10964E-01        0.32304E+06        0.39355E+06        0.43241E+05        0.29273E+07        0.20000E+01        0.98266E+00        0.10176E+01        0.58285E-06        0.29116E+05        0.10002E+01
        0.11010E+00        0.92104E-01        0.17463E-02        0.00000E+00        0.10002E+01        0.18295E+01        0.67076E+00        0.38665E-03        0.72398E-03       -0.14408E-02        0.82721E+00        0.17147E+03        0.17595E+05        0.20400E+04        0.10659E-01        0.31648E+06        0.38258E+06        0.41215E+05        0.29274E+07        0.20000E+01        0.98353E+00        0.10167E+01        0.54330E-06        0.29132E+05        0.10002E+01
        0.10415E+00        0.91746E-01        0.16758E-02        0.00000E+00        0.10002E+01        0.18246E+01        0.67569E+00        0.38678E-03        0.73308E-03       -0.14085E-02        0.83341E+00        0.17147E+03        0.17568E+05        0.20431E+04        0.10354E-01        0.30974E+06        0.37166E+06        0.39217E+05        0.29275E+07        0.20000E+01        0.98438E+00        0.10159E+01        0.50783E-06        0.29148E+05        0.10002E+01
        0.98368E-01        0.91501E-01        0.16051E-02        0.00000E+00        0.10002E+01        0.18195E+01        0.68075E+00        0.38852E-03        0.74696E-03       -0.13738E-02        0.83951E+00        0.17147E+03        0.17542E+05        0.20461E+04        0.10051E-01        0.30287E+06        0.36077E+06        0.37252E+05        0.29276E+07        0.20000E+01        0.98521E+00        0.10150E+01        0.47604E-06        0.29163E+05        0.10002E+01
        0.92748E-01        0.91411E-01        0.15349E-02        0.00000E+00        0.10002E+01        0.18144E+01        0.68592E+00        0.39170E-03        0.76518E-03       -0.13358E-02        0.84544E+00        0.17147E+03        0.17517E+05        0.20491E+04        0.97487E-02        0.29584E+06        0.34992E+06        0.35319E+05        0.29277E+07        0.20000E+01        0.98602E+00        0.10142E+01        0.44763E-06        0.29177E+05        0.10002E+01
        0.87293E-01        0.91484E-01        0.14658E-02        0.00000E+00        0.10002E+01        0.18091E+01        0.69119E+00        0.39682E-03        0.78791E-03       -0.12936E-02        0.85124E+00        0.17147E+03        0.17493E+05        0.20519E+04        0.94474E-02        0.28866E+06        0.33910E+06        0.33421E+05        0.29279E+07        0.20000E+01        0.98681E+00        0.10134E+01        0.42235E-06        0.29191E+05        0.10002E+01
        0.82004E-01        0.91690E-01        0.13983E-02        0.00000E+00        0.10002E+01        0.18037E+01        0.69656E+00        0.40418E-03        0.81441E-03       -0.12454E-02        0.85689E+00        0.17147E+03        0.17469E+05        0.20548E+04        0.91471E-02        0.28134E+06        0.32832E+06        0.31560E+05        0.29280E+07        0.20000E+01        0.98758E+00        0.10126E+01        0.39996E-06        0.29205E+05        0.10002E+01
        0.76880E-01        0.92029E-01        0.13326E-02        0.00000E+00        0.10002E+01        0.17983E+01        0.70202E+00        0.41415E-03        0.84459E-03       -0.11903E-02        0.86239E+00        0.17147E+03        0.17445E+05        0.20575E+04        0.88477E-02        0.27388E+06        0.31758E+06        0.29738E+05        0.29281E+07        0.20000E+01        0.98833E+00        0.10118E+01        0.38026E-06        0.29218E+05        0.10002E+01
        0.71921E-01        0.92398E-01        0.12690E-02        0.00000E+00        0.10002E+01        0.17927E+01        0.70756E+00        0.42609E-03        0.87716E-03       -0.11252E-02        0.86779E+00        0.17147E+03        0.17423E+05        0.20601E+04        0.85492E-02        0.26630E+06        0.30686E+06        0.27957E+05        0.29282E+07        0.20000E+01        0.98906E+00        0.10111E+01        0.36307E-06        0.29231E+05        0.10002E+01
        0.67128E-01        0.92804E-01        0.12079E-02        0.00000E+00        0.10002E+01        0.17871E+01        0.71316E+00        0.43951E-03        0.91136E-03       -0.10548E-02        0.87300E+00        0.17147E+03        0.17401E+05        0.20627E+04        0.82516E-02        0.25857E+06        0.29618E+06        0.26218E+05        0.29283E+07        0.20000E+01        0.98977E+00        0.10103E+01        0.34823E-06        0.29243E+05        0.10002E+01
        0.62500E-01        0.93196E-01        0.11493E-02        0.00000E+00        0.10001E+01        0.17814E+01        0.71883E+00        0.45450E-03        0.94836E-03       -0.97971E-03        0.87814E+00        0.17147E+03        0.17380E+05        0.20652E+04        0.79548E-02        0.25073E+06        0.28553E+06        0.24524E+05        0.29285E+07        0.20000E+01        0.99045E+00        0.10096E+01        0.33556E-06        0.29255E+05        0.10002E+01
        0.58037E-01        0.93546E-01        0.10934E-02        0.00000E+00        0.10001E+01        0.17757E+01        0.72455E+00        0.47055E-03        0.98787E-03       -0.90258E-03        0.88309E+00        0.17147E+03        0.17360E+05        0.20677E+04        0.76588E-02        0.24276E+06        0.27490E+06        0.22874E+05        0.29286E+07        0.20000E+01        0.99112E+00        0.10090E+01        0.32489E-06        0.29266E+05        0.10001E+01
        0.53740E-01        0.93806E-01        0.10403E-02        0.00000E+00        0.10001E+01        0.17699E+01        0.73031E+00        0.48321E-03        0.10266E-02       -0.82479E-03        0.88787E+00        0.17147E+03        0.17340E+05        0.20700E+04        0.73636E-02        0.23467E+06        0.26431E+06        0.21271E+05        0.29287E+07        0.20000E+01        0.99176E+00        0.10083E+01        0.31600E-06        0.29277E+05        0.10001E+01
        0.49607E-01        0.93935E-01        0.98996E-03        0.00000E+00        0.10001E+01        0.17642E+01        0.73609E+00        0.48753E-03        0.10586E-02       -0.74701E-03        0.89249E+00        0.17147E+03        0.17321E+05        0.20723E+04        0.70691E-02        0.22646E+06        0.25374E+06        0.19717E+05        0.29288E+07        0.20000E+01        0.99238E+00        0.10077E+01        0.30862E-06        0.29287E+05        0.10001E+01
        0.45640E-01        0.93876E-01        0.94231E-03        0.00000E+00        0.10001E+01        0.17583E+01        0.74191E+00        0.49672E-03        0.10952E-02       -0.67442E-03        0.89701E+00        0.17147E+03        0.17302E+05        0.20745E+04        0.67753E-02        0.21815E+06        0.24319E+06        0.18213E+05        0.29289E+07        0.20000E+01        0.99297E+00        0.10071E+01        0.30244E-06        0.29297E+05        0.10001E+01
        0.41839E-01        0.93618E-01        0.89744E-03        0.00000E+00        0.10001E+01        0.17525E+01        0.74773E+00        0.51548E-03        0.11450E-02       -0.61253E-03        0.90131E+00        0.17147E+03        0.17285E+05        0.20766E+04        0.64822E-02        0.20971E+06        0.23267E+06        0.16760E+05        0.29290E+07        0.20000E+01        0.99355E+00        0.10065E+01        0.29713E-06        0.29306E+05        0.10001E+01
        0.38202E-01        0.93059E-01        0.85516E-03        0.00000E+00        0.10001E+01        0.17467E+01        0.75354E+00        0.54162E-03        0.12063E-02       -0.55945E-03        0.90552E+00        0.17147E+03        0.17268E+05        0.20786E+04        0.61897E-02        0.20118E+06        0.22217E+06        0.15360E+05        0.29291E+07        0.20000E+01        0.99410E+00        0.10059E+01        0.29227E-06        0.29315E+05        0.10001E+01
        0.34731E-01        0.92176E-01        0.81547E-03        0.00000E+00        0.10001E+01        0.17409E+01        0.75930E+00        0.56714E-03        0.12611E-02       -0.50533E-03        0.90955E+00        0.17147E+03        0.17252E+05        0.20806E+04        0.58978E-02        0.19255E+06        0.21170E+06        0.14014E+05        0.29292E+07        0.20000E+01        0.99463E+00        0.10054E+01        0.28744E-06        0.29324E+05        0.10001E+01
        0.31426E-01        0.90907E-01        0.77825E-03        0.00000E+00        0.10001E+01        0.17352E+01        0.76503E+00        0.58922E-03        0.13039E-02       -0.45319E-03        0.91344E+00        0.17147E+03        0.17236E+05        0.20824E+04        0.56065E-02        0.18382E+06        0.20124E+06        0.12723E+05        0.29293E+07        0.20000E+01        0.99513E+00        0.10049E+01        0.28222E-06        0.29332E+05        0.10001E+01
        0.28285E-01        0.89176E-01        0.74342E-03        0.00000E+00        0.10001E+01        0.17295E+01        0.77071E+00        0.61416E-03        0.13490E-02       -0.41246E-03        0.91718E+00        0.17147E+03        0.17222E+05        0.20842E+04        0.53158E-02        0.17500E+06        0.19080E+06        0.11489E+05        0.29294E+07        0.20000E+01        0.99561E+00        0.10044E+01        0.27621E-06        0.29340E+05        0.10001E+01
        0.25310E-01        0.86928E-01        0.71088E-03        0.00000E+00        0.10001E+01        0.17240E+01        0.77625E+00        0.63829E-03        0.13889E-02       -0.38069E-03        0.92073E+00        0.17147E+03        0.17208E+05        0.20859E+04        0.50256E-02        0.16609E+06        0.18039E+06        0.10313E+05        0.29295E+07        0.20000E+01        0.99607E+00        0.10039E+01        0.26909E-06        0.29347E+05        0.10001E+01
        0.22500E-01        0.84041E-01        0.68058E-03        0.00000E+00        0.10001E+01        0.17185E+01        0.78170E+00        0.65243E-03        0.13988E-02       -0.35008E-03        0.92404E+00        0.17147E+03        0.17195E+05        0.20875E+04        0.47358E-02        0.15707E+06        0.16999E+06        0.91942E+04        0.29296E+07        0.20000E+01        0.99650E+00        0.10035E+01        0.26063E-06        0.29354E+05        0.10001E+01
        0.19855E-01        0.80397E-01        0.65230E-03        0.00000E+00        0.10001E+01        0.17133E+01        0.78691E+00        0.65595E-03        0.13697E-02       -0.31800E-03        0.92725E+00        0.17147E+03        0.17182E+05        0.20890E+04        0.44465E-02        0.14799E+06        0.15960E+06        0.81362E+04        0.29297E+07        0.20000E+01        0.99690E+00        0.10031E+01        0.25072E-06        0.29361E+05        0.10001E+01
        0.17376E-01        0.76033E-01        0.62608E-03        0.00000E+00        0.10001E+01        0.17083E+01        0.79186E+00        0.64875E-03        0.12998E-02       -0.28379E-03        0.93021E+00        0.17147E+03        0.17170E+05        0.20904E+04        0.41577E-02        0.13882E+06        0.14923E+06        0.71384E+04        0.29298E+07        0.20000E+01        0.99729E+00        0.10027E+01        0.23937E-06        0.29367E+05        0.10001E+01
        0.15062E-01        0.70856E-01        0.60179E-03        0.00000E+00        0.10001E+01        0.17037E+01        0.79645E+00        0.63195E-03        0.12013E-02       -0.25356E-03        0.93304E+00        0.17147E+03        0.17160E+05        0.20918E+04        0.38692E-02        0.12958E+06        0.13888E+06        0.62029E+04        0.29299E+07        0.20000E+01        0.99765E+00        0.10024E+01        0.22670E-06        0.29372E+05        0.10001E+01
        0.12913E-01        0.64676E-01        0.57947E-03        0.00000E+00        0.10001E+01        0.16996E+01        0.80057E+00        0.59243E-03        0.10615E-02       -0.23225E-03        0.93570E+00        0.17147E+03        0.17149E+05        0.20930E+04        0.35811E-02        0.12027E+06        0.12854E+06        0.53302E+04        0.29299E+07        0.20000E+01        0.99798E+00        0.10020E+01        0.21292E-06        0.29377E+05        0.10001E+01
        0.10930E-01        0.57292E-01        0.55914E-03        0.00000E+00        0.10001E+01        0.16961E+01        0.80408E+00        0.48006E-03        0.81561E-03       -0.21404E-03        0.93808E+00        0.17147E+03        0.17140E+05        0.20942E+04        0.32934E-02        0.11089E+06        0.11821E+06        0.45207E+04        0.29300E+07        0.20000E+01        0.99829E+00        0.10017E+01        0.19834E-06        0.29382E+05        0.10001E+01
        0.91116E-02        0.48466E-01        0.54059E-03        0.00000E+00        0.10001E+01        0.16934E+01        0.80674E+00        0.36517E-03        0.59045E-03       -0.19669E-03        0.94044E+00        0.17147E+03        0.17131E+05        0.20952E+04        0.30059E-02        0.10147E+06        0.10789E+06        0.37764E+04        0.29301E+07        0.20000E+01        0.99857E+00        0.10014E+01        0.18328E-06        0.29387E+05        0.10001E+01
        0.74587E-02        0.37812E-01        0.52390E-03        0.00000E+00        0.10001E+01        0.16919E+01        0.80819E+00        0.26250E-03        0.43360E-03       -0.16670E-03        0.94262E+00        0.17147E+03        0.17123E+05        0.20962E+04        0.27188E-02        0.91988E+05        0.97588E+05        0.30972E+04        0.29301E+07        0.20000E+01        0.99883E+00        0.10012E+01        0.16813E-06        0.29391E+05        0.10001E+01
        0.59711E-02        0.24750E-01        0.50904E-03        0.00000E+00        0.10001E+01        0.16921E+01        0.80808E+00        0.24332E-03        0.48798E-03       -0.14257E-03        0.94456E+00        0.17147E+03        0.17116E+05        0.20970E+04        0.24319E-02        0.82451E+05        0.87290E+05        0.24836E+04        0.29302E+07        0.20000E+01        0.99906E+00        0.10009E+01        0.15325E-06        0.29394E+05        0.10001E+01
        0.46488E-02        0.83760E-02        0.49606E-03        0.00000E+00        0.10001E+01        0.16945E+01        0.80558E+00        0.98682E-03        0.26140E-02       -0.72086E-04        0.94612E+00        0.17147E+03        0.17110E+05        0.20978E+04        0.21453E-02        0.72852E+05        0.77001E+05        0.19361E+04        0.29302E+07        0.20000E+01        0.99927E+00        0.10007E+01        0.13896E-06        0.29397E+05        0.10000E+01
        0.34917E-02       -0.12678E-01        0.48474E-03        0.00000E+00        0.10001E+01        0.17004E+01        0.79968E+00        0.70625E-03        0.17454E-02       -0.26590E-03        0.94763E+00        0.17147E+03        0.17105E+05        0.20985E+04        0.18588E-02        0.63226E+05        0.66720E+05        0.14561E+04        0.29303E+07        0.20000E+01        0.99945E+00        0.10005E+01        0.12583E-06        0.29400E+05        0.10000E+01
        0.25000E-02       -0.40843E-01        0.47527E-03        0.00000E+00        0.10001E+01        0.17114E+01        0.78874E+00        0.92629E-03        0.16916E-02       -0.46512E-03        0.94871E+00        0.17147E+03        0.17100E+05        0.20991E+04        0.15725E-02        0.53549E+05        0.56444E+05        0.10435E+04        0.29303E+07        0.20000E+01        0.99961E+00        0.10004E+01        0.11380E-06        0.29402E+05        0.10000E+01
