   2.5000000e-03  -4.0843000e-02   4.7527000e-04   1.4304000e+04   1.0001000e+00   1.7114000e+00   7.8874000e-01   2.3773000e-03   5.6035000e-03  -7.9274000e-03   9.4871000e-01   1.7147000e+02   1.7100000e+04   2.0991000e+03   1.5725000e-03   5.3549000e+04   5.6444000e+04   1.0435000e+03   2.9303000e+06   2.0000000e+00   9.9961000e-01   1.0004000e+00   1.1380000e-07   2.9402000e+04   1.0000000e+00
   3.4917000e-03  -1.2678000e-02   4.8474000e-04   1.4226000e+04   1.0001000e+00   1.7004000e+00   7.9968000e-01   2.1868000e-03   5.0918000e-03  -7.8487000e-03   9.4763000e-01   1.7147000e+02   1.7105000e+04   2.0985000e+03   1.8588000e-03   6.3226000e+04   6.6720000e+04   1.4561000e+03   2.9303000e+06   2.0000000e+00   9.9945000e-01   1.0005000e+00   1.2583000e-07   2.9400000e+04   1.0000000e+00
   4.6488000e-03   8.3760000e-03   4.9606000e-04   1.4138000e+04   1.0001000e+00   1.6945000e+00   8.0558000e-01   2.0615000e-03   4.8153000e-03  -8.1520000e-03   9.4612000e-01   1.7147000e+02   1.7110000e+04   2.0978000e+03   2.1453000e-03   7.2852000e+04   7.7001000e+04   1.9361000e+03   2.9302000e+06   2.0000000e+00   9.9927000e-01   1.0007000e+00   1.3896000e-07   2.9397000e+04   1.0000000e+00
   5.9711000e-03   2.4750000e-02   5.0904000e-04   1.4040000e+04   1.0001000e+00   1.6921000e+00   8.0808000e-01   1.7154000e-03   4.0805000e-03  -9.0977000e-03   9.4456000e-01   1.7147000e+02   1.7116000e+04   2.0970000e+03   2.4319000e-03   8.2451000e+04   8.7290000e+04   2.4836000e+03   2.9302000e+06   2.0000000e+00   9.9906000e-01   1.0009000e+00   1.5325000e-07   2.9394000e+04   1.0001000e+00
   7.4587000e-03   3.7812000e-02   5.2390000e-04   1.3934000e+04   1.0001000e+00   1.6919000e+00   8.0819000e-01   1.3532000e-03   3.4543000e-03  -8.1768000e-03   9.4262000e-01   1.7147000e+02   1.7123000e+04   2.0962000e+03   2.7188000e-03   9.1988000e+04   9.7588000e+04   3.0972000e+03   2.9301000e+06   2.0000000e+00   9.9883000e-01   1.0012000e+00   1.6813000e-07   2.9391000e+04   1.0001000e+00
   9.1116000e-03   4.8466000e-02   5.4059000e-04   1.3821000e+04   1.0001000e+00   1.6934000e+00   8.0674000e-01   1.0838000e-03   2.9468000e-03  -6.6450000e-03   9.4044000e-01   1.7147000e+02   1.7131000e+04   2.0952000e+03   3.0059000e-03   1.0147000e+05   1.0789000e+05   3.7764000e+03   2.9301000e+06   2.0000000e+00   9.9857000e-01   1.0014000e+00   1.8328000e-07   2.9387000e+04   1.0001000e+00
   1.0930000e-02   5.7292000e-02   5.5914000e-04   1.3701000e+04   1.0001000e+00   1.6961000e+00   8.0408000e-01   8.8455000e-04   2.5464000e-03  -5.0114000e-03   9.3808000e-01   1.7147000e+02   1.7140000e+04   2.0942000e+03   3.2934000e-03   1.1089000e+05   1.1821000e+05   4.5207000e+03   2.9300000e+06   2.0000000e+00   9.9829000e-01   1.0017000e+00   1.9834000e-07   2.9382000e+04   1.0001000e+00
   1.2913000e-02   6.4676000e-02   5.7947000e-04   1.3575000e+04   1.0001000e+00   1.6996000e+00   8.0057000e-01   7.6095000e-04   2.3217000e-03  -3.7332000e-03   9.3570000e-01   1.7147000e+02   1.7149000e+04   2.0930000e+03   3.5811000e-03   1.2027000e+05   1.2854000e+05   5.3302000e+03   2.9299000e+06   2.0000000e+00   9.9798000e-01   1.0020000e+00   2.1292000e-07   2.9377000e+04   1.0001000e+00
   1.5062000e-02   7.0856000e-02   6.0179000e-04   1.3443000e+04   1.0001000e+00   1.7037000e+00   7.9645000e-01   7.2419000e-04   2.3300000e-03  -3.1684000e-03   9.3304000e-01   1.7147000e+02   1.7160000e+04   2.0918000e+03   3.8692000e-03   1.2958000e+05   1.3888000e+05   6.2029000e+03   2.9299000e+06   2.0000000e+00   9.9765000e-01   1.0024000e+00   2.2670000e-07   2.9372000e+04   1.0001000e+00
   1.7376000e-02   7.6033000e-02   6.2608000e-04   1.3308000e+04   1.0001000e+00   1.7083000e+00   7.9186000e-01   6.7421000e-04   2.2771000e-03  -2.3620000e-03   9.3021000e-01   1.7147000e+02   1.7170000e+04   2.0904000e+03   4.1577000e-03   1.3882000e+05   1.4923000e+05   7.1384000e+03   2.9298000e+06   2.0000000e+00   9.9729000e-01   1.0027000e+00   2.3937000e-07   2.9367000e+04   1.0001000e+00
   1.9855000e-02   8.0397000e-02   6.5230000e-04   1.3169000e+04   1.0001000e+00   1.7133000e+00   7.8691000e-01   6.7317000e-04   2.3635000e-03  -1.9486000e-03   9.2725000e-01   1.7147000e+02   1.7182000e+04   2.0890000e+03   4.4465000e-03   1.4799000e+05   1.5960000e+05   8.1362000e+03   2.9297000e+06   2.0000000e+00   9.9690000e-01   1.0031000e+00   2.5072000e-07   2.9361000e+04   1.0001000e+00
   2.2500000e-02   8.4041000e-02   6.8058000e-04   1.3028000e+04   1.0001000e+00   1.7185000e+00   7.8170000e-01   6.8255000e-04   2.4722000e-03  -1.5765000e-03   9.2404000e-01   1.7147000e+02   1.7195000e+04   2.0875000e+03   4.7358000e-03   1.5707000e+05   1.6999000e+05   9.1942000e+03   2.9296000e+06   2.0000000e+00   9.9650000e-01   1.0035000e+00   2.6063000e-07   2.9354000e+04   1.0001000e+00
   2.5310000e-02   8.6928000e-02   7.1088000e-04   1.2884000e+04   1.0001000e+00   1.7240000e+00   7.7625000e-01   7.1593000e-04   2.6479000e-03  -1.3267000e-03   9.2073000e-01   1.7147000e+02   1.7208000e+04   2.0859000e+03   5.0256000e-03   1.6609000e+05   1.8039000e+05   1.0313000e+04   2.9295000e+06   2.0000000e+00   9.9607000e-01   1.0039000e+00   2.6909000e-07   2.9347000e+04   1.0001000e+00
   2.8285000e-02   8.9176000e-02   7.4342000e-04   1.2739000e+04   1.0001000e+00   1.7295000e+00   7.7071000e-01   7.7060000e-04   2.8722000e-03  -1.1706000e-03   9.1718000e-01   1.7147000e+02   1.7222000e+04   2.0842000e+03   5.3158000e-03   1.7500000e+05   1.9080000e+05   1.1489000e+04   2.9294000e+06   2.0000000e+00   9.9561000e-01   1.0044000e+00   2.7621000e-07   2.9340000e+04   1.0001000e+00
   3.1426000e-02   9.0907000e-02   7.7825000e-04   1.2593000e+04   1.0001000e+00   1.7352000e+00   7.6503000e-01   8.2997000e-04   3.0729000e-03  -1.0130000e-03   9.1344000e-01   1.7147000e+02   1.7236000e+04   2.0824000e+03   5.6065000e-03   1.8382000e+05   2.0124000e+05   1.2723000e+04   2.9293000e+06   2.0000000e+00   9.9513000e-01   1.0049000e+00   2.8222000e-07   2.9332000e+04   1.0001000e+00
   3.4731000e-02   9.2176000e-02   8.1547000e-04   1.2446000e+04   1.0001000e+00   1.7409000e+00   7.5930000e-01   8.7512000e-04   3.1432000e-03  -8.9751000e-04   9.0955000e-01   1.7147000e+02   1.7252000e+04   2.0806000e+03   5.8978000e-03   1.9255000e+05   2.1170000e+05   1.4014000e+04   2.9292000e+06   2.0000000e+00   9.9463000e-01   1.0054000e+00   2.8744000e-07   2.9324000e+04   1.0001000e+00
   3.8202000e-02   9.3059000e-02   8.5516000e-04   1.2298000e+04   1.0001000e+00   1.7467000e+00   7.5354000e-01   8.3163000e-04   2.7820000e-03  -9.0226000e-04   9.0552000e-01   1.7147000e+02   1.7268000e+04   2.0786000e+03   6.1897000e-03   2.0118000e+05   2.2217000e+05   1.5360000e+04   2.9291000e+06   2.0000000e+00   9.9410000e-01   1.0059000e+00   2.9227000e-07   2.9315000e+04   1.0001000e+00
   4.1839000e-02   9.3618000e-02   8.9744000e-04   1.2150000e+04   1.0001000e+00   1.7525000e+00   7.4773000e-01   6.3680000e-04   1.9022000e-03  -8.2394000e-04   9.0131000e-01   1.7147000e+02   1.7285000e+04   2.0766000e+03   6.4822000e-03   2.0971000e+05   2.3267000e+05   1.6760000e+04   2.9290000e+06   2.0000000e+00   9.9355000e-01   1.0065000e+00   2.9713000e-07   2.9306000e+04   1.0001000e+00
   4.5640000e-02   9.3876000e-02   9.4231000e-04   1.2002000e+04   1.0001000e+00   1.7583000e+00   7.4191000e-01   4.3409000e-04   1.1610000e-03  -8.9796000e-04   8.9701000e-01   1.7147000e+02   1.7302000e+04   2.0745000e+03   6.7753000e-03   2.1815000e+05   2.4319000e+05   1.8213000e+04   2.9289000e+06   2.0000000e+00   9.9297000e-01   1.0071000e+00   3.0244000e-07   2.9297000e+04   1.0001000e+00
   4.9607000e-02   9.3935000e-02   9.8996000e-04   1.1855000e+04   1.0001000e+00   1.7642000e+00   7.3609000e-01   3.8419000e-04   9.6049000e-04  -1.0312000e-03   8.9249000e-01   1.7147000e+02   1.7321000e+04   2.0723000e+03   7.0691000e-03   2.2646000e+05   2.5374000e+05   1.9717000e+04   2.9288000e+06   2.0000000e+00   9.9238000e-01   1.0077000e+00   3.0862000e-07   2.9287000e+04   1.0001000e+00
   5.3740000e-02   9.3806000e-02   1.0403000e-03   1.1709000e+04   1.0001000e+00   1.7699000e+00   7.3031000e-01   3.8486000e-04   9.3745000e-04  -1.1647000e-03   8.8787000e-01   1.7147000e+02   1.7340000e+04   2.0700000e+03   7.3636000e-03   2.3467000e+05   2.6431000e+05   2.1271000e+04   2.9287000e+06   2.0000000e+00   9.9176000e-01   1.0083000e+00   3.1600000e-07   2.9277000e+04   1.0001000e+00
   5.8037000e-02   9.3546000e-02   1.0934000e-03   1.1565000e+04   1.0001000e+00   1.7757000e+00   7.2455000e-01   3.7572000e-04   9.8227000e-04  -1.6585000e-03   8.8309000e-01   1.7147000e+02   1.7360000e+04   2.0677000e+03   7.6588000e-03   2.4276000e+05   2.7490000e+05   2.2874000e+04   2.9286000e+06   2.0000000e+00   9.9112000e-01   1.0090000e+00   3.2489000e-07   2.9266000e+04   1.0001000e+00
   6.2500000e-02   9.3196000e-02   1.1493000e-03   1.1422000e+04   1.0001000e+00   1.7814000e+00   7.1883000e-01   3.7076000e-04   1.0809000e-03  -2.2363000e-03   8.7814000e-01   1.7147000e+02   1.7380000e+04   2.0652000e+03   7.9548000e-03   2.5073000e+05   2.8553000e+05   2.4524000e+04   2.9285000e+06   2.0000000e+00   9.9045000e-01   1.0096000e+00   3.3556000e-07   2.9255000e+04   1.0002000e+00
   6.7128000e-02   9.2804000e-02   1.2079000e-03   1.1282000e+04   1.0002000e+00   1.7871000e+00   7.1316000e-01   3.9912000e-04   1.2814000e-03  -2.7386000e-03   8.7300000e-01   1.7147000e+02   1.7401000e+04   2.0627000e+03   8.2516000e-03   2.5857000e+05   2.9618000e+05   2.6218000e+04   2.9283000e+06   2.0000000e+00   9.8977000e-01   1.0103000e+00   3.4823000e-07   2.9243000e+04   1.0002000e+00
   7.1921000e-02   9.2398000e-02   1.2690000e-03   1.1145000e+04   1.0002000e+00   1.7927000e+00   7.0756000e-01   5.0036000e-04   1.7071000e-03  -3.4621000e-03   8.6779000e-01   1.7147000e+02   1.7423000e+04   2.0601000e+03   8.5492000e-03   2.6630000e+05   3.0686000e+05   2.7957000e+04   2.9282000e+06   2.0000000e+00   9.8906000e-01   1.0111000e+00   3.6307000e-07   2.9231000e+04   1.0002000e+00
   7.6880000e-02   9.2029000e-02   1.3326000e-03   1.1011000e+04   1.0002000e+00   1.7983000e+00   7.0202000e-01   1.0832000e-03   3.7129000e-03  -7.5612000e-03   8.6239000e-01   1.7147000e+02   1.7445000e+04   2.0575000e+03   8.8477000e-03   2.7388000e+05   3.1758000e+05   2.9738000e+04   2.9281000e+06   2.0000000e+00   9.8833000e-01   1.0118000e+00   3.8026000e-07   2.9218000e+04   1.0002000e+00
   8.2004000e-02   9.1690000e-02   1.3983000e-03   1.0881000e+04   1.0002000e+00   1.8037000e+00   6.9656000e-01   1.3210000e-03   4.3253000e-03  -7.5061000e-03   8.5689000e-01   1.7147000e+02   1.7469000e+04   2.0548000e+03   9.1471000e-03   2.8134000e+05   3.2832000e+05   3.1560000e+04   2.9280000e+06   2.0000000e+00   9.8758000e-01   1.0126000e+00   3.9996000e-07   2.9205000e+04   1.0002000e+00
   8.7293000e-02   9.1484000e-02   1.4658000e-03   1.0755000e+04   1.0002000e+00   1.8091000e+00   6.9119000e-01   2.9086000e-03   8.0162000e-03  -1.1585000e-02   8.5124000e-01   1.7147000e+02   1.7493000e+04   2.0519000e+03   9.4474000e-03   2.8866000e+05   3.3910000e+05   3.3421000e+04   2.9279000e+06   2.0000000e+00   9.8681000e-01   1.0134000e+00   4.2235000e-07   2.9191000e+04   1.0002000e+00
   9.2748000e-02   9.1411000e-02   1.5349000e-03   1.0634000e+04   1.0002000e+00   1.8144000e+00   6.8592000e-01   4.4163000e-03   1.0193000e-02  -1.1521000e-02   8.4544000e-01   1.7147000e+02   1.7517000e+04   2.0491000e+03   9.7487000e-03   2.9584000e+05   3.4992000e+05   3.5319000e+04   2.9277000e+06   2.0000000e+00   9.8602000e-01   1.0142000e+00   4.4763000e-07   2.9177000e+04   1.0002000e+00
   9.8368000e-02   9.1501000e-02   1.6051000e-03   1.0518000e+04   1.0002000e+00   1.8195000e+00   6.8075000e-01   2.3811000e-03   6.0903000e-03  -6.5079000e-03   8.3951000e-01   1.7147000e+02   1.7542000e+04   2.0461000e+03   1.0051000e-02   3.0287000e+05   3.6077000e+05   3.7252000e+04   2.9276000e+06   2.0000000e+00   9.8521000e-01   1.0150000e+00   4.7604000e-07   2.9163000e+04   1.0002000e+00
   1.0415000e-01   9.1746000e-02   1.6758000e-03   1.0408000e+04   1.0002000e+00   1.8246000e+00   6.7569000e-01   1.9100000e-03   5.3838000e-03  -5.5252000e-03   8.3341000e-01   1.7147000e+02   1.7568000e+04   2.0431000e+03   1.0354000e-02   3.0974000e+05   3.7166000e+05   3.9217000e+04   2.9275000e+06   2.0000000e+00   9.8438000e-01   1.0159000e+00   5.0783000e-07   2.9148000e+04   1.0002000e+00
   1.1010000e-01   9.2104000e-02   1.7463000e-03   1.0304000e+04   1.0002000e+00   1.8295000e+00   6.7076000e-01   1.4385000e-03   3.9671000e-03  -4.4058000e-03   8.2721000e-01   1.7147000e+02   1.7595000e+04   2.0400000e+03   1.0659000e-02   3.1648000e+05   3.8258000e+05   4.1215000e+04   2.9274000e+06   2.0000000e+00   9.8353000e-01   1.0167000e+00   5.4330000e-07   2.9132000e+04   1.0002000e+00
   1.1622000e-01   9.2409000e-02   1.8163000e-03   1.0207000e+04   1.0001000e+00   1.8343000e+00   6.6593000e-01   1.0984000e-03   2.9704000e-03  -3.7506000e-03   8.2082000e-01   1.7147000e+02   1.7622000e+04   2.0369000e+03   1.0964000e-02   3.2304000e+05   3.9355000e+05   4.3241000e+04   2.9273000e+06   2.0000000e+00   9.8266000e-01   1.0176000e+00   5.8285000e-07   2.9116000e+04   1.0002000e+00
   1.2250000e-01   9.2604000e-02   1.8856000e-03   1.0116000e+04   1.0001000e+00   1.8391000e+00   6.6122000e-01   1.0274000e-03   3.1061000e-03  -3.4612000e-03   8.1429000e-01   1.7147000e+02   1.7650000e+04   2.0337000e+03   1.1271000e-02   3.2943000e+05   4.0456000e+05   4.5292000e+04   2.9272000e+06   2.0000000e+00   9.8177000e-01   1.0186000e+00   6.2684000e-07   2.9099000e+04   1.0002000e+00
   1.2895000e-01   9.2705000e-02   1.9539000e-03   1.0030000e+04   1.0001000e+00   1.8436000e+00   6.5663000e-01   7.7736000e-04   1.8134000e-03  -2.9338000e-03   8.0762000e-01   1.7147000e+02   1.7678000e+04   2.0304000e+03   1.1579000e-02   3.3566000e+05   4.1561000e+05   4.7369000e+04   2.9271000e+06   2.0000000e+00   9.8086000e-01   1.0195000e+00   6.7576000e-07   2.9082000e+04   1.0002000e+00
   1.3556000e-01   9.2700000e-02   2.0210000e-03   9.9499000e+03   1.0001000e+00   1.8481000e+00   6.5213000e-01   7.5928000e-04   1.9798000e-03  -2.8344000e-03   8.0082000e-01   1.7147000e+02   1.7708000e+04   2.0270000e+03   1.1888000e-02   3.4172000e+05   4.2671000e+05   4.9469000e+04   2.9270000e+06   2.0000000e+00   9.7993000e-01   1.0205000e+00   7.3013000e-07   2.9064000e+04   1.0002000e+00
   1.4233000e-01   9.2602000e-02   2.0871000e-03   9.8749000e+03   1.0001000e+00   1.8525000e+00   6.4775000e-01   6.5194000e-04   1.3280000e-03  -2.5094000e-03   7.9387000e-01   1.7147000e+02   1.7737000e+04   2.0236000e+03   1.2199000e-02   3.4760000e+05   4.3785000e+05   5.1588000e+04   2.9269000e+06   2.0000000e+00   9.7899000e-01   1.0215000e+00   7.9065000e-07   2.9046000e+04   1.0002000e+00
   1.4928000e-01   9.2399000e-02   2.1518000e-03   9.8046000e+03   1.0001000e+00   1.8568000e+00   6.4349000e-01   6.6646000e-04   1.5269000e-03  -2.4618000e-03   7.8678000e-01   1.7147000e+02   1.7768000e+04   2.0202000e+03   1.2510000e-02   3.5330000e+05   4.4904000e+05   5.3726000e+04   2.9268000e+06   2.0000000e+00   9.7802000e-01   1.0225000e+00   8.5810000e-07   2.9027000e+04   1.0002000e+00
   1.5638000e-01   9.2096000e-02   2.2153000e-03   9.7387000e+03   1.0001000e+00   1.8610000e+00   6.3931000e-01   6.5797000e-04   1.4339000e-03  -2.2909000e-03   7.7954000e-01   1.7147000e+02   1.7799000e+04   2.0166000e+03   1.2824000e-02   3.5881000e+05   4.6029000e+05   5.5878000e+04   2.9267000e+06   2.0000000e+00   9.7704000e-01   1.0235000e+00   9.3348000e-07   2.9007000e+04   1.0002000e+00
   1.6366000e-01   9.1693000e-02   2.2776000e-03   9.6769000e+03   1.0001000e+00   1.8650000e+00   6.3523000e-01   6.7895000e-04   1.2987000e-03  -2.1591000e-03   7.7216000e-01   1.7147000e+02   1.7831000e+04   2.0130000e+03   1.3138000e-02   3.6413000e+05   4.7158000e+05   5.8043000e+04   2.9266000e+06   2.0000000e+00   9.7605000e-01   1.0245000e+00   1.0180000e-06   2.8987000e+04   1.0002000e+00
   1.7110000e-01   9.1185000e-02   2.3387000e-03   9.6189000e+03   1.0001000e+00   1.8690000e+00   6.3124000e-01   6.2081000e-04   1.1526000e-03  -2.1662000e-03   7.6461000e-01   1.7147000e+02   1.7863000e+04   2.0094000e+03   1.3454000e-02   3.6925000e+05   4.8292000e+05   6.0217000e+04   2.9265000e+06   2.0000000e+00   9.7503000e-01   1.0256000e+00   1.1133000e-06   2.8966000e+04   1.0002000e+00
   1.7870000e-01   9.0582000e-02   2.3987000e-03   9.5642000e+03   1.0001000e+00   1.8730000e+00   6.2732000e-01   6.3693000e-04   1.2142000e-03  -2.3253000e-03   7.5695000e-01   1.7147000e+02   1.7896000e+04   2.0057000e+03   1.3772000e-02   3.7417000e+05   4.9432000e+05   6.2399000e+04   2.9265000e+06   2.0000000e+00   9.7400000e-01   1.0267000e+00   1.2210000e-06   2.8945000e+04   1.0002000e+00
   1.8647000e-01   8.9886000e-02   2.4579000e-03   9.5126000e+03   1.0001000e+00   1.8768000e+00   6.2350000e-01   6.4971000e-04   1.1984000e-03  -2.3213000e-03   7.4912000e-01   1.7147000e+02   1.7930000e+04   2.0019000e+03   1.4091000e-02   3.7889000e+05   5.0578000e+05   6.4585000e+04   2.9264000e+06   2.0000000e+00   9.7296000e-01   1.0278000e+00   1.3432000e-06   2.8922000e+04   1.0002000e+00
   1.9440000e-01   8.9090000e-02   2.5162000e-03   9.4637000e+03   1.0001000e+00   1.8805000e+00   6.1974000e-01   6.6997000e-04   1.2081000e-03  -2.2737000e-03   7.4116000e-01   1.7147000e+02   1.7964000e+04   1.9981000e+03   1.4412000e-02   3.8340000e+05   5.1729000e+05   6.6774000e+04   2.9263000e+06   2.0000000e+00   9.7190000e-01   1.0289000e+00   1.4812000e-06   2.8899000e+04   1.0002000e+00
   2.0250000e-01   8.8202000e-02   2.5740000e-03   9.4171000e+03   1.0001000e+00   1.8842000e+00   6.1603000e-01   6.9486000e-04   1.2567000e-03  -2.2385000e-03   7.3305000e-01   1.7147000e+02   1.7999000e+04   1.9943000e+03   1.4734000e-02   3.8769000e+05   5.2887000e+05   6.8961000e+04   2.9263000e+06   2.0000000e+00   9.7082000e-01   1.0301000e+00   1.6327000e-06   2.8876000e+04   1.0002000e+00
   2.1076000e-01   8.7222000e-02   2.6315000e-03   9.3726000e+03   1.0001000e+00   1.8879000e+00   6.1240000e-01   7.0888000e-04   1.2649000e-03  -2.2036000e-03   7.2481000e-01   1.7147000e+02   1.8034000e+04   1.9903000e+03   1.5058000e-02   3.9176000e+05   5.4051000e+05   7.1146000e+04   2.9262000e+06   2.0000000e+00   9.6973000e-01   1.0312000e+00   1.7853000e-06   2.8851000e+04   1.0002000e+00
   2.1919000e-01   8.6147000e-02   2.6888000e-03   9.3299000e+03   1.0001000e+00   1.8915000e+00   6.0883000e-01   6.9385000e-04   1.2201000e-03  -2.1303000e-03   7.1643000e-01   1.7147000e+02   1.8070000e+04   1.9864000e+03   1.5384000e-02   3.9562000e+05   5.5221000e+05   7.3324000e+04   2.9262000e+06   2.0000000e+00   9.6862000e-01   1.0324000e+00   1.9033000e-06   2.8826000e+04   1.0002000e+00
   2.2779000e-01   8.4988000e-02   2.7464000e-03   9.2885000e+03   1.0001000e+00   1.8950000e+00   6.0530000e-01   6.0476000e-04   1.0588000e-03  -1.9331000e-03   7.0793000e-01   1.7147000e+02   1.8107000e+04   1.9824000e+03   1.5712000e-02   3.9925000e+05   5.6397000e+05   7.5494000e+04   2.9262000e+06   2.0000000e+00   9.6750000e-01   1.0336000e+00   1.9160000e-06   2.8800000e+04   1.0002000e+00
   2.3655000e-01   8.3740000e-02   2.8046000e-03   9.2482000e+03   1.0002000e+00   1.8985000e+00   6.0181000e-01   4.1005000e-04   7.0721000e-04  -1.5258000e-03   6.9928000e-01   1.7147000e+02   1.8144000e+04   1.9783000e+03   1.6042000e-02   4.0265000e+05   5.7580000e+05   7.7652000e+04   2.9262000e+06   2.0000000e+00   9.6637000e-01   1.0348000e+00   1.7432000e-06   2.8773000e+04   1.0002000e+00
   2.4548000e-01   8.2410000e-02   2.8636000e-03   9.2088000e+03   1.0001000e+00   1.9019000e+00   5.9837000e-01   1.6423000e-04   2.7886000e-04  -8.4593000e-04   6.9051000e-01   1.7147000e+02   1.8182000e+04   1.9742000e+03   1.6373000e-02   4.0581000e+05   5.8769000e+05   7.9795000e+04   2.9262000e+06   2.0000000e+00   9.6523000e-01   1.0360000e+00   1.4157000e-06   2.8746000e+04   1.0002000e+00
   2.5457000e-01   8.0993000e-02   2.9238000e-03   9.1699000e+03   1.0002000e+00   1.9053000e+00   5.9498000e-01   8.0774000e-05   1.5152000e-04   7.2781000e-05   6.8162000e-01   1.7147000e+02   1.8220000e+04   1.9700000e+03   1.6706000e-02   4.0873000e+05   5.9964000e+05   8.1922000e+04   2.9262000e+06   2.0000000e+00   9.6407000e-01   1.0373000e+00   1.2361000e-06   2.8717000e+04   1.0002000e+00
   2.6382000e-01   7.9500000e-02   2.9857000e-03   9.1312000e+03   1.0002000e+00   1.9087000e+00   5.9162000e-01   4.0283000e-04   7.4471000e-04   1.0171000e-03   6.7261000e-01   1.7147000e+02   1.8259000e+04   1.9658000e+03   1.7041000e-02   4.1141000e+05   6.1166000e+05   8.4029000e+04   2.9262000e+06   2.0000000e+00   9.6291000e-01   1.0385000e+00   1.6360000e-06   2.8687000e+04   1.0002000e+00
   2.7324000e-01   7.7925000e-02   3.0495000e-03   9.0926000e+03   1.0002000e+00   1.9120000e+00   5.8830000e-01   1.0171000e-03   1.8438000e-03   1.6829000e-03   6.6348000e-01   1.7147000e+02   1.8299000e+04   1.9615000e+03   1.7378000e-02   4.1385000e+05   6.2376000e+05   8.6115000e+04   2.9262000e+06   2.0000000e+00   9.6173000e-01   1.0398000e+00   2.5450000e-06   2.8656000e+04   1.0002000e+00
   2.8283000e-01   7.6273000e-02   3.1156000e-03   9.0537000e+03   1.0002000e+00   1.9153000e+00   5.8499000e-01   1.4006000e-03   2.5341000e-03   1.8547000e-03   6.5427000e-01   1.7147000e+02   1.8339000e+04   1.9572000e+03   1.7718000e-02   4.1609000e+05   6.3596000e+05   8.8177000e+04   2.9263000e+06   2.0000000e+00   9.6054000e-01   1.0411000e+00   3.1525000e-06   2.8625000e+04   1.0002000e+00
   2.9258000e-01   7.4544000e-02   3.1846000e-03   9.0144000e+03   1.0002000e+00   1.9186000e+00   5.8171000e-01   1.2322000e-03   2.3012000e-03   1.5777000e-03   6.4495000e-01   1.7147000e+02   1.8380000e+04   1.9529000e+03   1.8061000e-02   4.1810000e+05   6.4826000e+05   9.0213000e+04   2.9263000e+06   2.0000000e+00   9.5934000e-01   1.0424000e+00   2.8618000e-06   2.8593000e+04   1.0002000e+00
   3.0250000e-01   7.2740000e-02   3.2568000e-03   8.9744000e+03   1.0002000e+00   1.9218000e+00   5.7845000e-01   7.7680000e-04   1.6013000e-03   1.1228000e-03   6.3553000e-01   1.7147000e+02   1.8421000e+04   1.9485000e+03   1.8406000e-02   4.1987000e+05   6.6066000e+05   9.2222000e+04   2.9264000e+06   2.0000000e+00   9.5813000e-01   1.0437000e+00   2.0430000e-06   2.8560000e+04   1.0002000e+00
   3.1258000e-01   7.0863000e-02   3.3328000e-03   8.9335000e+03   1.0001000e+00   1.9251000e+00   5.7520000e-01   3.9180000e-04   9.3764000e-04   7.0665000e-04   6.2604000e-01   1.7147000e+02   1.8463000e+04   1.9441000e+03   1.8754000e-02   4.2141000e+05   6.7314000e+05   9.4201000e+04   2.9264000e+06   2.0000000e+00   9.5691000e-01   1.0450000e+00   1.3587000e-06   2.8525000e+04   1.0002000e+00
   3.2283000e-01   6.8911000e-02   3.4129000e-03   8.8915000e+03   1.0001000e+00   1.9283000e+00   5.7199000e-01   1.9837000e-04   6.0715000e-04   4.4345000e-04   6.1648000e-01   1.7147000e+02   1.8506000e+04   1.9396000e+03   1.9104000e-02   4.2272000e+05   6.8570000e+05   9.6150000e+04   2.9265000e+06   2.0000000e+00   9.5568000e-01   1.0464000e+00   1.0201000e-06   2.8490000e+04   1.0002000e+00
   3.3324000e-01   6.6898000e-02   3.4977000e-03   8.8482000e+03   1.0001000e+00   1.9315000e+00   5.6879000e-01   1.6963000e-04   7.2063000e-04   3.1350000e-04   6.0686000e-01   1.7147000e+02   1.8549000e+04   1.9351000e+03   1.9456000e-02   4.2380000e+05   6.9835000e+05   9.8067000e+04   2.9266000e+06   2.0000000e+00   9.5444000e-01   1.0477000e+00   9.1463000e-07   2.8454000e+04   1.0002000e+00
   3.4382000e-01   6.4809000e-02   3.5878000e-03   8.8035000e+03   1.0001000e+00   1.9347000e+00   5.6560000e-01   2.2497000e-04   8.9074000e-04  -3.3771000e-05   5.9719000e-01   1.7147000e+02   1.8592000e+04   1.9306000e+03   1.9811000e-02   4.2465000e+05   7.1108000e+05   9.9950000e+04   2.9267000e+06   2.0000000e+00   9.5320000e-01   1.0491000e+00   9.1775000e-07   2.8416000e+04   1.0002000e+00
   3.5457000e-01   6.2655000e-02   3.6836000e-03   8.7572000e+03   1.0001000e+00   1.9379000e+00   5.6242000e-01   4.3181000e-04   1.4722000e-03  -1.6169000e-03   5.8750000e-01   1.7147000e+02   1.8637000e+04   1.9260000e+03   2.0168000e-02   4.2530000e+05   7.2390000e+05   1.0180000e+05   2.9267000e+06   2.0000000e+00   9.5196000e-01   1.0505000e+00   9.7003000e-07   2.8378000e+04   1.0002000e+00
   3.6548000e-01   6.0503000e-02   3.7857000e-03   8.7092000e+03   1.0001000e+00   1.9410000e+00   5.5925000e-01   1.4657000e-03   3.8764000e-03  -7.1419000e-03   5.7778000e-01   1.7147000e+02   1.8681000e+04   1.9214000e+03   2.0528000e-02   4.2572000e+05   7.3683000e+05   1.0362000e+05   2.9268000e+06   2.0000000e+00   9.5071000e-01   1.0519000e+00   1.0501000e-06   2.8338000e+04   1.0002000e+00
   3.7655000e-01   5.8491000e-02   3.8939000e-03   8.6599000e+03   1.0001000e+00   1.9442000e+00   5.5610000e-01   2.3187000e-03   4.5929000e-03  -6.2623000e-03   5.6805000e-01   1.7147000e+02   1.8727000e+04   1.9167000e+03   2.0891000e-02   4.2595000e+05   7.4984000e+05   1.0540000e+05   2.9269000e+06   2.0000000e+00   9.4945000e-01   1.0532000e+00   1.1511000e-06   2.8297000e+04   1.0002000e+00
   3.8779000e-01   5.6600000e-02   4.0077000e-03   8.6097000e+03   1.0001000e+00   1.9473000e+00   5.5295000e-01   1.2485000e-03   3.3447000e-03  -4.2327000e-03   5.5832000e-01   1.7147000e+02   1.8772000e+04   1.9121000e+03   2.1256000e-02   4.2598000e+05   7.6296000e+05   1.0714000e+05   2.9271000e+06   2.0000000e+00   9.4819000e-01   1.0546000e+00   1.2703000e-06   2.8255000e+04   1.0002000e+00
   3.9919000e-01   5.4831000e-02   4.1265000e-03   8.5591000e+03   1.0001000e+00   1.9504000e+00   5.4984000e-01   9.6135000e-04   3.0037000e-03  -3.2061000e-03   5.4860000e-01   1.7147000e+02   1.8819000e+04   1.9074000e+03   2.1624000e-02   4.2581000e+05   7.7618000e+05   1.0886000e+05   2.9272000e+06   2.0000000e+00   9.4693000e-01   1.0560000e+00   1.4014000e-06   2.8212000e+04   1.0002000e+00
   4.0000000e-01   5.4711000e-02   4.1350000e-03   8.5555000e+03   1.0001000e+00   1.9507000e+00   5.4962000e-01   9.4331000e-04   2.9876000e-03  -3.1354000e-03   5.4792000e-01   1.7147000e+02   1.8822000e+04   1.9070000e+03   2.1650000e-02   4.2579000e+05   7.7711000e+05   1.0897000e+05   2.9272000e+06   2.0000000e+00   9.4684000e-01   1.0561000e+00   1.4105000e-06   2.8209000e+04   1.0002000e+00
   4.0556000e-01   5.3898000e-02   4.1939000e-03   8.5312000e+03   1.0001000e+00   1.9521000e+00   5.4814000e-01   8.7858000e-04   2.9277000e-03  -2.8052000e-03   5.4326000e-01   1.7147000e+02   1.8844000e+04   1.9047000e+03   2.1828000e-02   4.2565000e+05   7.8351000e+05   1.0979000e+05   2.9272000e+06   2.0000000e+00   9.4623000e-01   1.0568000e+00   1.4682000e-06   2.8188000e+04   1.0002000e+00
   4.1076000e-01   5.3157000e-02   4.2497000e-03   8.5086000e+03   1.0001000e+00   1.9535000e+00   5.4676000e-01   7.4776000e-04   2.5393000e-03  -2.2212000e-03   5.3891000e-01   1.7147000e+02   1.8865000e+04   1.9026000e+03   2.1995000e-02   4.2547000e+05   7.8949000e+05   1.1053000e+05   2.9273000e+06   2.0000000e+00   9.4566000e-01   1.0575000e+00   1.5072000e-06   2.8168000e+04   1.0002000e+00
   4.1111000e-01   5.3108000e-02   4.2534000e-03   8.5071000e+03   1.0001000e+00   1.9536000e+00   5.4667000e-01   7.3045000e-04   2.4897000e-03  -2.1858000e-03   5.3862000e-01   1.7147000e+02   1.8867000e+04   1.9025000e+03   2.2006000e-02   4.2545000e+05   7.8989000e+05   1.1058000e+05   2.9273000e+06   2.0000000e+00   9.4563000e-01   1.0575000e+00   1.5090000e-06   2.8167000e+04   1.0002000e+00
   4.1667000e-01   5.2345000e-02   4.3133000e-03   8.4832000e+03   1.0001000e+00   1.9551000e+00   5.4522000e-01   5.9340000e-04   2.1985000e-03  -1.9408000e-03   5.3403000e-01   1.7147000e+02   1.8889000e+04   1.9002000e+03   2.2184000e-02   4.2522000e+05   7.9625000e+05   1.1137000e+05   2.9273000e+06   2.0000000e+00   9.4503000e-01   1.0582000e+00   1.5165000e-06   2.8145000e+04   1.0002000e+00
   4.2222000e-01   5.1605000e-02   4.3734000e-03   8.4597000e+03   1.0001000e+00   1.9565000e+00   5.4379000e-01   4.8479000e-04   1.8762000e-03  -1.5335000e-03   5.2948000e-01   1.7147000e+02   1.8912000e+04   1.8980000e+03   2.2360000e-02   4.2495000e+05   8.0260000e+05   1.1214000e+05   2.9274000e+06   2.0000000e+00   9.4443000e-01   1.0588000e+00   1.4731000e-06   2.8124000e+04   1.0002000e+00
   4.2250000e-01   5.1568000e-02   4.3765000e-03   8.4586000e+03   1.0001000e+00   1.9566000e+00   5.4372000e-01   4.7791000e-04   1.8488000e-03  -1.4998000e-03   5.2925000e-01   1.7147000e+02   1.8913000e+04   1.8979000e+03   2.2369000e-02   4.2494000e+05   8.0291000e+05   1.1218000e+05   2.9274000e+06   2.0000000e+00   9.4440000e-01   1.0589000e+00   1.4694000e-06   2.8123000e+04   1.0002000e+00
   4.2778000e-01   5.0883000e-02   4.4338000e-03   8.4366000e+03   1.0001000e+00   1.9579000e+00   5.4238000e-01   3.2090000e-04   1.2338000e-03  -8.5334000e-04   5.2496000e-01   1.7147000e+02   1.8934000e+04   1.8957000e+03   2.2536000e-02   4.2465000e+05   8.0892000e+05   1.1290000e+05   2.9274000e+06   2.0000000e+00   9.4384000e-01   1.0595000e+00   1.3764000e-06   2.8102000e+04   1.0002000e+00
   4.3333000e-01   5.0180000e-02   4.4944000e-03   8.4138000e+03   1.0001000e+00   1.9593000e+00   5.4096000e-01   1.8787000e-04   7.6443000e-04  -4.7250000e-04   5.2049000e-01   1.7147000e+02   1.8956000e+04   1.8935000e+03   2.2712000e-02   4.2431000e+05   8.1522000e+05   1.1364000e+05   2.9275000e+06   2.0000000e+00   9.4325000e-01   1.0602000e+00   1.2670000e-06   2.8080000e+04   1.0002000e+00
   4.3440000e-01   5.0050000e-02   4.5061000e-03   8.4095000e+03   1.0001000e+00   1.9596000e+00   5.4070000e-01   1.7061000e-04   6.9386000e-04  -3.9914000e-04   5.1963000e-01   1.7147000e+02   1.8961000e+04   1.8931000e+03   2.2746000e-02   4.2424000e+05   8.1643000e+05   1.1379000e+05   2.9275000e+06   2.0000000e+00   9.4313000e-01   1.0603000e+00   1.2522000e-06   2.8076000e+04   1.0002000e+00
   4.3889000e-01   4.9501000e-02   4.5551000e-03   8.3914000e+03   1.0001000e+00   1.9607000e+00   5.3959000e-01   1.3408000e-04   5.6054000e-04   3.6661000e-08   5.1605000e-01   1.7147000e+02   1.8978000e+04   1.8913000e+03   2.2887000e-02   4.2393000e+05   8.2150000e+05   1.1438000e+05   2.9275000e+06   2.0000000e+00   9.4266000e-01   1.0608000e+00   1.2499000e-06   2.8058000e+04   1.0002000e+00
   4.4444000e-01   4.8838000e-02   4.6157000e-03   8.3695000e+03   1.0001000e+00   1.9620000e+00   5.3823000e-01   2.0575000e-04   6.7452000e-04   4.3455000e-04   5.1165000e-01   1.7147000e+02   1.9001000e+04   1.8891000e+03   2.3061000e-02   4.2352000e+05   8.2775000e+05   1.1510000e+05   2.9276000e+06   2.0000000e+00   9.4208000e-01   1.0615000e+00   1.4721000e-06   2.8036000e+04   1.0002000e+00
   4.4647000e-01   4.8597000e-02   4.6377000e-03   8.3616000e+03   1.0001000e+00   1.9625000e+00   5.3774000e-01   2.5590000e-04   7.3397000e-04   5.5305000e-04   5.1006000e-01   1.7147000e+02   1.9009000e+04   1.8883000e+03   2.3124000e-02   4.2337000e+05   8.3003000e+05   1.1536000e+05   2.9276000e+06   2.0000000e+00   9.4187000e-01   1.0617000e+00   1.6350000e-06   2.8028000e+04   1.0002000e+00
   4.5000000e-01   4.8185000e-02   4.6762000e-03   8.3480000e+03   1.0001000e+00   1.9634000e+00   5.3690000e-01   5.2466000e-04   2.0488000e-03   9.6759000e-04   5.0730000e-01   1.7147000e+02   1.9023000e+04   1.8869000e+03   2.3235000e-02   4.2308000e+05   8.3399000e+05   1.1581000e+05   2.9276000e+06   2.0000000e+00   9.4151000e-01   1.0621000e+00   2.0262000e-06   2.8014000e+04   1.0002000e+00
   4.5556000e-01   4.7545000e-02   4.7365000e-03   8.3271000e+03   1.0001000e+00   1.9647000e+00   5.3559000e-01   9.0060000e-04   3.2053000e-03   1.1211000e-03   5.0298000e-01   1.7147000e+02   1.9045000e+04   1.8847000e+03   2.3408000e-02   4.2261000e+05   8.4021000e+05   1.1651000e+05   2.9277000e+06   2.0000000e+00   9.4094000e-01   1.0628000e+00   2.8294000e-06   2.7992000e+04   1.0001000e+00
   4.5870000e-01   4.7188000e-02   4.7705000e-03   8.3154000e+03   1.0001000e+00   1.9654000e+00   5.3488000e-01   1.0438000e-03   3.6344000e-03   1.4216000e-03   5.0056000e-01   1.7147000e+02   1.9057000e+04   1.8835000e+03   2.3506000e-02   4.2234000e+05   8.4373000e+05   1.1691000e+05   2.9277000e+06   2.0000000e+00   9.4062000e-01   1.0631000e+00   3.2919000e-06   2.7979000e+04   1.0001000e+00
   4.6111000e-01   4.6918000e-02   4.7965000e-03   8.3066000e+03   1.0001000e+00   1.9659000e+00   5.3432000e-01   1.4669000e-03   5.8486000e-03   2.0096000e-03   4.9871000e-01   1.7147000e+02   1.9067000e+04   1.8825000e+03   2.3581000e-02   4.2212000e+05   8.4642000e+05   1.1720000e+05   2.9277000e+06   2.0000000e+00   9.4037000e-01   1.0634000e+00   3.5992000e-06   2.7970000e+04   1.0001000e+00
   4.6667000e-01   4.6296000e-02   4.8560000e-03   8.2867000e+03   1.0001000e+00   1.9672000e+00   5.3303000e-01   1.7510000e-03   6.5467000e-03   1.9944000e-03   4.9449000e-01   1.7147000e+02   1.9089000e+04   1.8804000e+03   2.3754000e-02   4.2161000e+05   8.5262000e+05   1.1788000e+05   2.9278000e+06   2.0000000e+00   9.3980000e-01   1.0641000e+00   4.0026000e-06   2.7948000e+04   1.0001000e+00
   4.7110000e-01   4.5795000e-02   4.9032000e-03   8.2712000e+03   1.0001000e+00   1.9682000e+00   5.3202000e-01   1.8688000e-03   7.3865000e-03   2.8446000e-03   4.9115000e-01   1.7147000e+02   1.9106000e+04   1.8786000e+03   2.3892000e-02   4.2119000e+05   8.5757000e+05   1.1842000e+05   2.9278000e+06   2.0000000e+00   9.3935000e-01   1.0646000e+00   3.9450000e-06   2.7930000e+04   1.0001000e+00
   4.7222000e-01   4.5662000e-02   4.9152000e-03   8.2673000e+03   1.0001000e+00   1.9685000e+00   5.3176000e-01   1.9589000e-03   7.7167000e-03   2.8579000e-03   4.9030000e-01   1.7147000e+02   1.9111000e+04   1.8782000e+03   2.3927000e-02   4.2108000e+05   8.5882000e+05   1.1855000e+05   2.9278000e+06   2.0000000e+00   9.3924000e-01   1.0647000e+00   3.8790000e-06   2.7925000e+04   1.0001000e+00
   4.7778000e-01   4.5015000e-02   4.9740000e-03   8.2484000e+03   1.0001000e+00   1.9698000e+00   5.3051000e-01   1.9270000e-03   7.3182000e-03   2.4404000e-03   4.8615000e-01   1.7147000e+02   1.9133000e+04   1.8761000e+03   2.4099000e-02   4.2052000e+05   8.6501000e+05   1.1921000e+05   2.9279000e+06   2.0000000e+00   9.3868000e-01   1.0653000e+00   3.3362000e-06   2.7903000e+04   1.0001000e+00
   4.8333000e-01   4.4351000e-02   5.0323000e-03   8.2300000e+03   1.0001000e+00   1.9710000e+00   5.2927000e-01   1.5470000e-03   5.8889000e-03   2.7258000e-03   4.8204000e-01   1.7147000e+02   1.9154000e+04   1.8739000e+03   2.4271000e-02   4.1994000e+05   8.7119000e+05   1.1986000e+05   2.9279000e+06   2.0000000e+00   9.3812000e-01   1.0660000e+00   2.6428000e-06   2.7881000e+04   1.0001000e+00
   4.8366000e-01   4.4311000e-02   5.0357000e-03   8.2289000e+03   1.0001000e+00   1.9711000e+00   5.2920000e-01   1.5249000e-03   5.7749000e-03   2.6879000e-03   4.8180000e-01   1.7147000e+02   1.9156000e+04   1.8738000e+03   2.4281000e-02   4.1991000e+05   8.7155000e+05   1.1990000e+05   2.9279000e+06   2.0000000e+00   9.3809000e-01   1.0660000e+00   2.6034000e-06   2.7880000e+04   1.0001000e+00
   4.8889000e-01   4.3673000e-02   5.0902000e-03   8.2120000e+03   1.0001000e+00   1.9722000e+00   5.2806000e-01   1.2876000e-03   4.5472000e-03   2.2711000e-03   4.7796000e-01   1.7147000e+02   1.9176000e+04   1.8718000e+03   2.4443000e-02   4.1934000e+05   8.7735000e+05   1.2051000e+05   2.9279000e+06   2.0000000e+00   9.3757000e-01   1.0666000e+00   2.0393000e-06   2.7859000e+04   1.0001000e+00
   4.9444000e-01   4.2977000e-02   5.1477000e-03   8.1946000e+03   1.0001000e+00   1.9734000e+00   5.2685000e-01   8.9578000e-04   3.0973000e-03   1.8968000e-03   4.7393000e-01   1.7147000e+02   1.9198000e+04   1.8697000e+03   2.4614000e-02   4.1871000e+05   8.8349000e+05   1.2114000e+05   2.9280000e+06   2.0000000e+00   9.3702000e-01   1.0672000e+00   1.6344000e-06   2.7837000e+04   1.0001000e+00
   4.9638000e-01   4.2731000e-02   5.1676000e-03   8.1886000e+03   1.0001000e+00   1.9738000e+00   5.2644000e-01   7.6412000e-04   2.6005000e-03   1.6999000e-03   4.7253000e-01   1.7147000e+02   1.9205000e+04   1.8690000e+03   2.4674000e-02   4.1849000e+05   8.8563000e+05   1.2136000e+05   2.9280000e+06   2.0000000e+00   9.3683000e-01   1.0674000e+00   1.5404000e-06   2.7829000e+04   1.0001000e+00
   5.0000000e-01   4.2270000e-02   5.2046000e-03   8.1776000e+03   1.0001000e+00   1.9746000e+00   5.2567000e-01   6.1755000e-04   2.0157000e-03   1.4502000e-03   4.6994000e-01   1.7147000e+02   1.9219000e+04   1.8676000e+03   2.4785000e-02   4.1807000e+05   8.8961000e+05   1.2176000e+05   2.9280000e+06   2.0000000e+00   9.3647000e-01   1.0678000e+00   1.4203000e-06   2.7815000e+04   1.0001000e+00
   5.0556000e-01   4.1550000e-02   5.2610000e-03   8.1611000e+03   1.0001000e+00   1.9757000e+00   5.2451000e-01   4.9617000e-04   1.4655000e-03   1.1173000e-03   4.6599000e-01   1.7147000e+02   1.9241000e+04   1.8655000e+03   2.4955000e-02   4.1740000e+05   8.9572000e+05   1.2238000e+05   2.9280000e+06   2.0000000e+00   9.3593000e-01   1.0685000e+00   1.3405000e-06   2.7792000e+04   1.0001000e+00
   5.0928000e-01   4.1057000e-02   5.2986000e-03   8.1503000e+03   1.0001000e+00   1.9765000e+00   5.2374000e-01   4.0225000e-04   1.1420000e-03   8.8134000e-04   4.6337000e-01   1.7147000e+02   1.9255000e+04   1.8641000e+03   2.5068000e-02   4.1694000e+05   8.9980000e+05   1.2278000e+05   2.9281000e+06   2.0000000e+00   9.3557000e-01   1.0689000e+00   1.3340000e-06   2.7777000e+04   1.0001000e+00
   5.1111000e-01   4.0815000e-02   5.3170000e-03   8.1450000e+03   1.0001000e+00   1.9769000e+00   5.2336000e-01   3.7630000e-04   1.0433000e-03   7.6757000e-04   4.6209000e-01   1.7147000e+02   1.9262000e+04   1.8634000e+03   2.5124000e-02   4.1671000e+05   9.0181000e+05   1.2298000e+05   2.9281000e+06   2.0000000e+00   9.3540000e-01   1.0691000e+00   1.3398000e-06   2.7770000e+04   1.0001000e+00
   5.1667000e-01   4.0066000e-02   5.3724000e-03   8.1294000e+03   1.0001000e+00   1.9780000e+00   5.2223000e-01   3.5834000e-04   9.0549000e-04   4.0336000e-04   4.5822000e-01   1.7147000e+02   1.9284000e+04   1.8614000e+03   2.5294000e-02   4.1601000e+05   9.0788000e+05   1.2358000e+05   2.9281000e+06   2.0000000e+00   9.3486000e-01   1.0697000e+00   1.3817000e-06   2.7747000e+04   1.0001000e+00
   5.2222000e-01   3.9310000e-02   5.4273000e-03   8.1141000e+03   1.0001000e+00   1.9791000e+00   5.2111000e-01   4.0222000e-04   9.5839000e-04  -9.0910000e-05   4.5439000e-01   1.7147000e+02   1.9305000e+04   1.8593000e+03   2.5463000e-02   4.1529000e+05   9.1395000e+05   1.2417000e+05   2.9281000e+06   2.0000000e+00   9.3433000e-01   1.0703000e+00   1.4464000e-06   2.7725000e+04   1.0001000e+00
   5.2233000e-01   3.9294000e-02   5.4284000e-03   8.1138000e+03   1.0001000e+00   1.9792000e+00   5.2108000e-01   4.0418000e-04   9.6161000e-04  -1.0246000e-04   4.5432000e-01   1.7147000e+02   1.9305000e+04   1.8593000e+03   2.5466000e-02   4.1528000e+05   9.1407000e+05   1.2419000e+05   2.9281000e+06   2.0000000e+00   9.3432000e-01   1.0703000e+00   1.4478000e-06   2.7725000e+04   1.0001000e+00
   5.2778000e-01   3.8536000e-02   5.4817000e-03   8.0993000e+03   1.0001000e+00   1.9803000e+00   5.2000000e-01   5.7917000e-04   1.2859000e-03  -9.2108000e-04   4.5061000e-01   1.7147000e+02   1.9326000e+04   1.8573000e+03   2.5631000e-02   4.1456000e+05   9.2000000e+05   1.2476000e+05   2.9282000e+06   2.0000000e+00   9.3381000e-01   1.0709000e+00   1.5242000e-06   2.7702000e+04   1.0001000e+00
   5.3333000e-01   3.7748000e-02   5.5356000e-03   8.0848000e+03   1.0001000e+00   1.9813000e+00   5.1891000e-01   7.7758000e-04   1.8123000e-03  -2.9408000e-03   4.4686000e-01   1.7147000e+02   1.9347000e+04   1.8552000e+03   2.5799000e-02   4.1381000e+05   9.2603000e+05   1.2533000e+05   2.9282000e+06   2.0000000e+00   9.3329000e-01   1.0715000e+00   1.6108000e-06   2.7680000e+04   1.0001000e+00
   5.3556000e-01   3.7432000e-02   5.5570000e-03   8.0791000e+03   1.0001000e+00   1.9818000e+00   5.1848000e-01   9.4848000e-04   2.1575000e-03  -4.1550000e-03   4.4537000e-01   1.7147000e+02   1.9356000e+04   1.8544000e+03   2.5866000e-02   4.1350000e+05   9.2845000e+05   1.2556000e+05   2.9282000e+06   2.0000000e+00   9.3308000e-01   1.0717000e+00   1.6472000e-06   2.7671000e+04   1.0001000e+00
   5.3889000e-01   3.6950000e-02   5.5889000e-03   8.0708000e+03   1.0001000e+00   1.9824000e+00   5.1783000e-01   1.3713000e-03   2.8834000e-03  -6.1717000e-03   4.4316000e-01   1.7147000e+02   1.9368000e+04   1.8532000e+03   2.5967000e-02   4.1305000e+05   9.3206000e+05   1.2590000e+05   2.9282000e+06   2.0000000e+00   9.3277000e-01   1.0721000e+00   1.7034000e-06   2.7657000e+04   1.0001000e+00
   5.4444000e-01   3.6138000e-02   5.6416000e-03   8.0571000e+03   1.0001000e+00   1.9835000e+00   5.1676000e-01   2.0971000e-03   3.7989000e-03  -7.9212000e-03   4.3949000e-01   1.7147000e+02   1.9389000e+04   1.8512000e+03   2.6134000e-02   4.1227000e+05   9.3807000e+05   1.2647000e+05   2.9282000e+06   2.0000000e+00   9.3226000e-01   1.0727000e+00   1.7997000e-06   2.7635000e+04   1.0001000e+00
   5.4895000e-01   3.5473000e-02   5.6839000e-03   8.0462000e+03   1.0001000e+00   1.9843000e+00   5.1593000e-01   1.7118000e-03   3.4632000e-03  -6.6109000e-03   4.3655000e-01   1.7147000e+02   1.9406000e+04   1.8496000e+03   2.6270000e-02   4.1164000e+05   9.4293000e+05   1.2692000e+05   2.9282000e+06   2.0000000e+00   9.3184000e-01   1.0731000e+00   1.8778000e-06   2.7617000e+04   1.0000000e+00
   5.5000000e-01   3.5314000e-02   5.6938000e-03   8.0437000e+03   1.0001000e+00   1.9845000e+00   5.1573000e-01   1.6236000e-03   3.3955000e-03  -6.3725000e-03   4.3587000e-01   1.7147000e+02   1.9410000e+04   1.8492000e+03   2.6302000e-02   4.1149000e+05   9.4406000e+05   1.2702000e+05   2.9282000e+06   2.0000000e+00   9.3175000e-01   1.0733000e+00   1.8957000e-06   2.7612000e+04   1.0000000e+00
   5.5556000e-01   3.4484000e-02   5.7454000e-03   8.0308000e+03   1.0001000e+00   1.9856000e+00   5.1469000e-01   1.4067000e-03   3.2962000e-03  -5.5010000e-03   4.3228000e-01   1.7147000e+02   1.9431000e+04   1.8472000e+03   2.6468000e-02   4.1068000e+05   9.5005000e+05   1.2757000e+05   2.9283000e+06   2.0000000e+00   9.3124000e-01   1.0738000e+00   1.9837000e-06   2.7590000e+04   1.0000000e+00
   5.6111000e-01   3.3635000e-02   5.7965000e-03   8.0182000e+03   1.0001000e+00   1.9866000e+00   5.1366000e-01   1.3359000e-03   3.3191000e-03  -4.9690000e-03   4.2872000e-01   1.7147000e+02   1.9452000e+04   1.8453000e+03   2.6635000e-02   4.0987000e+05   9.5603000e+05   1.2812000e+05   2.9283000e+06   2.0000000e+00   9.3074000e-01   1.0744000e+00   2.0486000e-06   2.7567000e+04   1.0000000e+00
   5.6250000e-01   3.3422000e-02   5.8092000e-03   8.0151000e+03   1.0001000e+00   1.9868000e+00   5.1341000e-01   1.3071000e-03   3.2955000e-03  -4.8479000e-03   4.2784000e-01   1.7147000e+02   1.9457000e+04   1.8448000e+03   2.6676000e-02   4.0967000e+05   9.5752000e+05   1.2825000e+05   2.9283000e+06   2.0000000e+00   9.3062000e-01   1.0746000e+00   2.0587000e-06   2.7561000e+04   1.0000000e+00
   5.6667000e-01   3.2778000e-02   5.8470000e-03   8.0059000e+03   1.0001000e+00   1.9876000e+00   5.1265000e-01   1.1778000e-03   3.1254000e-03  -4.3681000e-03   4.2521000e-01   1.7147000e+02   1.9472000e+04   1.8433000e+03   2.6801000e-02   4.0905000e+05   9.6199000e+05   1.2865000e+05   2.9283000e+06   2.0000000e+00   9.3025000e-01   1.0750000e+00   2.0676000e-06   2.7545000e+04   1.0000000e+00
   5.7222000e-01   3.1909000e-02   5.8969000e-03   7.9939000e+03   1.0001000e+00   1.9886000e+00   5.1165000e-01   9.7796000e-04   2.7329000e-03  -3.5152000e-03   4.2174000e-01   1.7147000e+02   1.9493000e+04   1.8414000e+03   2.6967000e-02   4.0822000e+05   9.6794000e+05   1.2919000e+05   2.9283000e+06   2.0000000e+00   9.2975000e-01   1.0756000e+00   2.0175000e-06   2.7522000e+04   1.0000000e+00
   5.7622000e-01   3.1275000e-02   5.9325000e-03   7.9855000e+03   1.0001000e+00   1.9893000e+00   5.1096000e-01   8.2941000e-04   2.4117000e-03  -2.7420000e-03   4.1926000e-01   1.7147000e+02   1.9508000e+04   1.8400000e+03   2.7086000e-02   4.0761000e+05   9.7221000e+05   1.2957000e+05   2.9283000e+06   2.0000000e+00   9.2940000e-01   1.0760000e+00   1.9394000e-06   2.7506000e+04   1.0000000e+00
   5.7778000e-01   3.1029000e-02   5.9463000e-03   7.9823000e+03   1.0001000e+00   1.9895000e+00   5.1069000e-01   7.7215000e-04   2.2850000e-03  -2.4022000e-03   4.1830000e-01   1.7147000e+02   1.9514000e+04   1.8394000e+03   2.7132000e-02   4.0737000e+05   9.7387000e+05   1.2971000e+05   2.9283000e+06   2.0000000e+00   9.2926000e-01   1.0761000e+00   1.9042000e-06   2.7499000e+04   1.0000000e+00
   5.8333000e-01   3.0137000e-02   5.9951000e-03   7.9710000e+03   1.0001000e+00   1.9905000e+00   5.0971000e-01   5.6111000e-04   1.8505000e-03  -1.0942000e-03   4.1490000e-01   1.7147000e+02   1.9534000e+04   1.8375000e+03   2.7297000e-02   4.0652000e+05   9.7979000e+05   1.3023000e+05   2.9283000e+06   2.0000000e+00   9.2878000e-01   1.0767000e+00   1.8140000e-06   2.7476000e+04   9.9999000e-01
   5.8889000e-01   2.9238000e-02   6.0434000e-03   7.9600000e+03   1.0001000e+00   1.9915000e+00   5.0875000e-01   5.6466000e-04   2.2163000e-03   3.2669000e-04   4.1153000e-01   1.7147000e+02   1.9554000e+04   1.8356000e+03   2.7462000e-02   4.0565000e+05   9.8570000e+05   1.3075000e+05   2.9283000e+06   2.0000000e+00   9.2830000e-01   1.0772000e+00   1.9495000e-06   2.7454000e+04   9.9998000e-01
   5.9010000e-01   2.9039000e-02   6.0539000e-03   7.9576000e+03   1.0001000e+00   1.9917000e+00   5.0854000e-01   6.3992000e-04   2.5579000e-03   6.1758000e-04   4.1080000e-01   1.7147000e+02   1.9559000e+04   1.8352000e+03   2.7497000e-02   4.0546000e+05   9.8699000e+05   1.3086000e+05   2.9283000e+06   2.0000000e+00   9.2820000e-01   1.0774000e+00   2.0350000e-06   2.7449000e+04   9.9998000e-01
   5.9444000e-01   2.8326000e-02   6.0911000e-03   7.9493000e+03   1.0001000e+00   1.9924000e+00   5.0780000e-01   1.1171000e-03   4.3313000e-03   1.3676000e-03   4.0820000e-01   1.7147000e+02   1.9575000e+04   1.8337000e+03   2.7626000e-02   4.0477000e+05   9.9159000e+05   1.3126000e+05   2.9283000e+06   2.0000000e+00   9.2783000e-01   1.0778000e+00   2.5583000e-06   2.7431000e+04   9.9997000e-01
   6.0000000e-01   2.7410000e-02   6.1382000e-03   7.9388000e+03   1.0001000e+00   1.9934000e+00   5.0687000e-01   2.0301000e-03   8.1794000e-03   3.1049000e-03   4.0490000e-01   1.7147000e+02   1.9595000e+04   1.8318000e+03   2.7789000e-02   4.0388000e+05   9.9746000e+05   1.3176000e+05   2.9283000e+06   2.0000000e+00   9.2736000e-01   1.0783000e+00   3.7108000e-06   2.7408000e+04   9.9996000e-01
   6.0415000e-01   2.6716000e-02   6.1730000e-03   7.9312000e+03   1.0001000e+00   1.9941000e+00   5.0617000e-01   3.2949000e-03   1.2718000e-02   4.1040000e-03   4.0247000e-01   1.7147000e+02   1.9610000e+04   1.8304000e+03   2.7911000e-02   4.0321000e+05   1.0019000e+06   1.3214000e+05   2.9283000e+06   2.0000000e+00   9.2701000e-01   1.0787000e+00   4.7482000e-06   2.7390000e+04   9.9995000e-01
   6.0556000e-01   2.6482000e-02   6.1847000e-03   7.9287000e+03   1.0001000e+00   1.9943000e+00   5.0594000e-01   3.4356000e-03   1.3184000e-02   4.2694000e-03   4.0165000e-01   1.7147000e+02   1.9615000e+04   1.8299000e+03   2.7953000e-02   4.0299000e+05   1.0033000e+06   1.3226000e+05   2.9283000e+06   2.0000000e+00   9.2690000e-01   1.0789000e+00   5.0821000e-06   2.7385000e+04   9.9995000e-01
   6.1111000e-01   2.5538000e-02   6.2304000e-03   7.9188000e+03   1.0001000e+00   1.9952000e+00   5.0502000e-01   4.9956000e-03   1.8257000e-02   6.2629000e-03   3.9843000e-01   1.7147000e+02   1.9635000e+04   1.8281000e+03   2.8116000e-02   4.0210000e+05   1.0092000e+06   1.3276000e+05   2.9283000e+06   2.0000000e+00   9.2643000e-01   1.0794000e+00   6.0381000e-06   2.7362000e+04   9.9994000e-01
   6.1667000e-01   2.4588000e-02   6.2757000e-03   7.9092000e+03   1.0001000e+00   1.9961000e+00   5.0411000e-01   4.6616000e-03   1.7042000e-02   6.6143000e-03   3.9525000e-01   1.7147000e+02   1.9655000e+04   1.8262000e+03   2.8280000e-02   4.0120000e+05   1.0151000e+06   1.3325000e+05   2.9283000e+06   2.0000000e+00   9.2597000e-01   1.0799000e+00   6.0813000e-06   2.7340000e+04   9.9993000e-01
   6.1837000e-01   2.4292000e-02   6.2894000e-03   7.9064000e+03   1.0001000e+00   1.9964000e+00   5.0383000e-01   4.5997000e-03   1.6592000e-02   6.8730000e-03   3.9428000e-01   1.7147000e+02   1.9661000e+04   1.8257000e+03   2.8330000e-02   4.0093000e+05   1.0169000e+06   1.3340000e+05   2.9283000e+06   2.0000000e+00   9.2583000e-01   1.0801000e+00   5.9024000e-06   2.7333000e+04   9.9993000e-01
   6.2222000e-01   2.3624000e-02   6.3204000e-03   7.8999000e+03   1.0001000e+00   1.9970000e+00   5.0320000e-01   3.9629000e-03   1.4032000e-02   6.6409000e-03   3.9210000e-01   1.7147000e+02   1.9675000e+04   1.8244000e+03   2.8443000e-02   4.0031000e+05   1.0209000e+06   1.3374000e+05   2.9283000e+06   2.0000000e+00   9.2551000e-01   1.0805000e+00   5.2513000e-06   2.7317000e+04   9.9992000e-01
   6.2778000e-01   2.2633000e-02   6.3645000e-03   7.8908000e+03   1.0001000e+00   1.9979000e+00   5.0230000e-01   3.2040000e-03   1.0443000e-02   5.7865000e-03   3.8898000e-01   1.7147000e+02   1.9694000e+04   1.8226000e+03   2.8607000e-02   3.9941000e+05   1.0268000e+06   1.3422000e+05   2.9282000e+06   2.0000000e+00   9.2505000e-01   1.0810000e+00   4.0548000e-06   2.7295000e+04   9.9991000e-01
   6.3275000e-01   2.1727000e-02   6.4035000e-03   7.8829000e+03   1.0001000e+00   1.9987000e+00   5.0151000e-01   2.0186000e-03   6.3879000e-03   4.4028000e-03   3.8621000e-01   1.7147000e+02   1.9712000e+04   1.8209000e+03   2.8753000e-02   3.9859000e+05   1.0320000e+06   1.3465000e+05   2.9282000e+06   2.0000000e+00   9.2465000e-01   1.0815000e+00   3.1234000e-06   2.7275000e+04   9.9989000e-01
   6.3333000e-01   2.1618000e-02   6.4081000e-03   7.8820000e+03   1.0001000e+00   1.9988000e+00   5.0141000e-01   1.8878000e-03   5.9337000e-03   4.2359000e-03   3.8589000e-01   1.7147000e+02   1.9714000e+04   1.8208000e+03   2.8770000e-02   3.9849000e+05   1.0327000e+06   1.3470000e+05   2.9282000e+06   2.0000000e+00   9.2460000e-01   1.0816000e+00   3.0346000e-06   2.7273000e+04   9.9989000e-01
   6.3889000e-01   2.0572000e-02   6.4511000e-03   7.8734000e+03   1.0001000e+00   1.9997000e+00   5.0054000e-01   1.0395000e-03   3.0952000e-03   2.6821000e-03   3.8283000e-01   1.7147000e+02   1.9733000e+04   1.8190000e+03   2.8933000e-02   3.9757000e+05   1.0385000e+06   1.3518000e+05   2.9282000e+06   2.0000000e+00   9.2415000e-01   1.0821000e+00   2.4442000e-06   2.7251000e+04   9.9988000e-01
   6.4444000e-01   1.9476000e-02   6.4935000e-03   7.8651000e+03   1.0001000e+00   2.0005000e+00   4.9967000e-01   6.0958000e-04   1.6271000e-03   1.5245000e-03   3.7981000e-01   1.7147000e+02   1.9753000e+04   1.8172000e+03   2.9095000e-02   3.9664000e+05   1.0443000e+06   1.3565000e+05   2.9282000e+06   2.0000000e+00   9.2371000e-01   1.0826000e+00   2.2499000e-06   2.7229000e+04   9.9987000e-01
   6.4729000e-01   1.8870000e-02   6.5150000e-03   7.8609000e+03   1.0001000e+00   2.0010000e+00   4.9924000e-01   4.9147000e-04   1.2398000e-03   1.0499000e-03   3.7827000e-01   1.7147000e+02   1.9762000e+04   1.8163000e+03   2.9178000e-02   3.9617000e+05   1.0473000e+06   1.3590000e+05   2.9282000e+06   2.0000000e+00   9.2348000e-01   1.0829000e+00   2.2565000e-06   2.7217000e+04   9.9986000e-01
   6.5000000e-01   1.8213000e-02   6.5354000e-03   7.8569000e+03   1.0001000e+00   2.0014000e+00   4.9882000e-01   4.3094000e-04   1.0394000e-03   6.4859000e-04   3.7682000e-01   1.7147000e+02   1.9772000e+04   1.8154000e+03   2.9257000e-02   3.9571000e+05   1.0501000e+06   1.3613000e+05   2.9282000e+06   2.0000000e+00   9.2327000e-01   1.0831000e+00   2.3058000e-06   2.7207000e+04   9.9986000e-01
   6.5556000e-01   1.6638000e-02   6.5775000e-03   7.8488000e+03   1.0001000e+00   2.0022000e+00   4.9797000e-01   4.7267000e-04   1.0521000e-03  -2.2470000e-04   3.7387000e-01   1.7147000e+02   1.9791000e+04   1.8136000e+03   2.9418000e-02   3.9478000e+05   1.0559000e+06   1.3659000e+05   2.9281000e+06   2.0000000e+00   9.2283000e-01   1.0836000e+00   2.4863000e-06   2.7184000e+04   9.9984000e-01
   6.6111000e-01   1.4773000e-02   6.6204000e-03   7.8404000e+03   1.0001000e+00   2.0031000e+00   4.9712000e-01   7.6213000e-04   1.5514000e-03  -1.4812000e-03   3.7096000e-01   1.7147000e+02   1.9810000e+04   1.8119000e+03   2.9579000e-02   3.9385000e+05   1.0617000e+06   1.3706000e+05   2.9281000e+06   2.0000000e+00   9.2240000e-01   1.0841000e+00   2.7213000e-06   2.7162000e+04   9.9983000e-01
   6.6200000e-01   1.4443000e-02   6.6274000e-03   7.8390000e+03   1.0001000e+00   2.0032000e+00   4.9699000e-01   8.4627000e-04   1.6839000e-03  -1.7741000e-03   3.7049000e-01   1.7147000e+02   1.9813000e+04   1.8116000e+03   2.9605000e-02   3.9370000e+05   1.0626000e+06   1.3713000e+05   2.9281000e+06   2.0000000e+00   9.2234000e-01   1.0842000e+00   2.7619000e-06   2.7159000e+04   9.9983000e-01
   6.6667000e-01   1.2609000e-02   6.6649000e-03   7.8315000e+03   1.0001000e+00   2.0039000e+00   4.9628000e-01   1.4457000e-03   2.6542000e-03  -3.6209000e-03   3.6808000e-01   1.7147000e+02   1.9829000e+04   1.8102000e+03   2.9740000e-02   3.9292000e+05   1.0675000e+06   1.3752000e+05   2.9281000e+06   2.0000000e+00   9.2198000e-01   1.0846000e+00   2.9817000e-06   2.7140000e+04   9.9982000e-01
   6.7222000e-01   1.0161000e-02   6.7116000e-03   7.8220000e+03   1.0001000e+00   2.0048000e+00   4.9543000e-01   1.9157000e-03   3.6859000e-03  -5.5305000e-03   3.6524000e-01   1.7147000e+02   1.9848000e+04   1.8084000e+03   2.9901000e-02   3.9200000e+05   1.0733000e+06   1.3799000e+05   2.9281000e+06   2.0000000e+00   9.2156000e-01   1.0851000e+00   3.2583000e-06   2.7118000e+04   9.9980000e-01
   6.7688000e-01   7.9002000e-03   6.7531000e-03   7.8133000e+03   1.0001000e+00   2.0055000e+00   4.9471000e-01   2.0780000e-03   4.3011000e-03  -6.5010000e-03   3.6288000e-01   1.7147000e+02   1.9864000e+04   1.8070000e+03   3.0036000e-02   3.9122000e+05   1.0781000e+06   1.3837000e+05   2.9280000e+06   2.0000000e+00   9.2121000e-01   1.0855000e+00   3.5006000e-06   2.7099000e+04   9.9979000e-01
   6.7778000e-01   7.4411000e-03   6.7614000e-03   7.8116000e+03   1.0001000e+00   2.0056000e+00   4.9457000e-01   2.0990000e-03   4.4017000e-03  -6.6233000e-03   3.6243000e-01   1.7147000e+02   1.9867000e+04   1.8067000e+03   3.0062000e-02   3.9108000e+05   1.0790000e+06   1.3845000e+05   2.9280000e+06   2.0000000e+00   9.2114000e-01   1.0856000e+00   3.5482000e-06   2.7096000e+04   9.9979000e-01
   6.8333000e-01   4.4407000e-03   6.8147000e-03   7.8002000e+03   1.0001000e+00   2.0065000e+00   4.9371000e-01   2.2010000e-03   4.9438000e-03  -7.0009000e-03   3.5967000e-01   1.7147000e+02   1.9885000e+04   1.8050000e+03   3.0222000e-02   3.9016000e+05   1.0848000e+06   1.3891000e+05   2.9280000e+06   2.0000000e+00   9.2072000e-01   1.0861000e+00   3.8472000e-06   2.7074000e+04   9.9977000e-01
   6.8889000e-01   1.1793000e-03   6.8722000e-03   7.7876000e+03   1.0001000e+00   2.0074000e+00   4.9283000e-01   2.4733000e-03   5.5162000e-03  -7.1156000e-03   3.5694000e-01   1.7147000e+02   1.9904000e+04   1.8033000e+03   3.0382000e-02   3.8926000e+05   1.0905000e+06   1.3937000e+05   2.9279000e+06   2.0000000e+00   9.2031000e-01   1.0866000e+00   4.1444000e-06   2.7052000e+04   9.9976000e-01
   6.9192000e-01  -7.1635000e-04   6.9056000e-03   7.7802000e+03   1.0001000e+00   2.0079000e+00   4.9234000e-01   2.8815000e-03   6.0191000e-03  -7.0643000e-03   3.5547000e-01   1.7147000e+02   1.9914000e+04   1.8024000e+03   3.0470000e-02   3.8877000e+05   1.0937000e+06   1.3963000e+05   2.9279000e+06   2.0000000e+00   9.2009000e-01   1.0869000e+00   4.2970000e-06   2.7040000e+04   9.9975000e-01
   6.9444000e-01  -2.3552000e-03   6.9346000e-03   7.7736000e+03   1.0001000e+00   2.0083000e+00   4.9194000e-01   3.6820000e-03   6.9276000e-03  -6.9582000e-03   3.5425000e-01   1.7147000e+02   1.9923000e+04   1.8017000e+03   3.0542000e-02   3.8836000e+05   1.0963000e+06   1.3984000e+05   2.9279000e+06   2.0000000e+00   9.1990000e-01   1.0871000e+00   4.4124000e-06   2.7030000e+04   9.9974000e-01
   7.0000000e-01  -6.1446000e-03   7.0026000e-03   7.7582000e+03   1.0001000e+00   2.0092000e+00   4.9103000e-01   8.3182000e-03   1.3837000e-02  -6.6551000e-03   3.5161000e-01   1.7147000e+02   1.9941000e+04   1.8000000e+03   3.0702000e-02   3.8747000e+05   1.1020000e+06   1.4030000e+05   2.9279000e+06   2.0000000e+00   9.1950000e-01   1.0875000e+00   4.5970000e-06   2.7008000e+04   9.9973000e-01
   7.0556000e-01  -1.0203000e-02   7.0768000e-03   7.7410000e+03   1.0001000e+00   2.0101000e+00   4.9011000e-01   1.3240000e-02   2.8181000e-02  -5.9504000e-03   3.4900000e-01   1.7147000e+02   1.9960000e+04   1.7983000e+03   3.0862000e-02   3.8660000e+05   1.1077000e+06   1.4077000e+05   2.9278000e+06   2.0000000e+00   9.1910000e-01   1.0880000e+00   4.6152000e-06   2.6986000e+04   9.9971000e-01
   7.0713000e-01  -1.1395000e-02   7.0990000e-03   7.7359000e+03   1.0001000e+00   2.0104000e+00   4.8984000e-01   1.4003000e-02   3.2303000e-02  -5.6524000e-03   3.4827000e-01   1.7147000e+02   1.9965000e+04   1.7979000e+03   3.0907000e-02   3.8636000e+05   1.1094000e+06   1.4090000e+05   2.9278000e+06   2.0000000e+00   9.1898000e-01   1.0882000e+00   4.5785000e-06   2.6980000e+04   9.9971000e-01
   7.1111000e-01  -1.4515000e-02   7.1578000e-03   7.7221000e+03   1.0001000e+00   2.0110000e+00   4.8917000e-01   1.4128000e-02   3.9550000e-02  -4.6254000e-03   3.4644000e-01   1.7147000e+02   1.9978000e+04   1.7967000e+03   3.1021000e-02   3.8574000e+05   1.1135000e+06   1.4124000e+05   2.9278000e+06   2.0000000e+00   9.1870000e-01   1.0885000e+00   4.3960000e-06   2.6964000e+04   9.9970000e-01
   7.1667000e-01  -1.9098000e-02   7.2465000e-03   7.7013000e+03   1.0001000e+00   2.0120000e+00   4.8820000e-01   1.1809000e-02   4.1537000e-02  -3.0204000e-03   3.4391000e-01   1.7147000e+02   1.9996000e+04   1.7950000e+03   3.1180000e-02   3.8490000e+05   1.1192000e+06   1.4171000e+05   2.9277000e+06   2.0000000e+00   9.1831000e-01   1.0890000e+00   3.9955000e-06   2.6943000e+04   9.9968000e-01
   7.2222000e-01  -2.3940000e-02   7.3437000e-03   7.6784000e+03   1.0001000e+00   2.0130000e+00   4.8721000e-01   8.3487000e-03   3.5548000e-02  -9.3808000e-04   3.4143000e-01   1.7147000e+02   2.0014000e+04   1.7934000e+03   3.1339000e-02   3.8407000e+05   1.1249000e+06   1.4218000e+05   2.9277000e+06   2.0000000e+00   9.1792000e-01   1.0894000e+00   3.7345000e-06   2.6921000e+04   9.9966000e-01
   7.2250000e-01  -2.4190000e-02   7.3488000e-03   7.6771000e+03   1.0001000e+00   2.0131000e+00   4.8716000e-01   8.1544000e-03   3.4953000e-02  -8.3456000e-04   3.4131000e-01   1.7147000e+02   2.0015000e+04   1.7933000e+03   3.1347000e-02   3.8402000e+05   1.1252000e+06   1.4220000e+05   2.9277000e+06   2.0000000e+00   9.1790000e-01   1.0894000e+00   3.7346000e-06   2.6919000e+04   9.9966000e-01
   7.2778000e-01  -2.9059000e-02   7.4502000e-03   7.6533000e+03   1.0001000e+00   2.0140000e+00   4.8620000e-01   6.0331000e-03   2.8909000e-02   1.1368000e-03   3.3899000e-01   1.7147000e+02   2.0033000e+04   1.7918000e+03   3.1497000e-02   3.8324000e+05   1.1306000e+06   1.4266000e+05   2.9277000e+06   2.0000000e+00   9.1754000e-01   1.0899000e+00   4.1520000e-06   2.6898000e+04   9.9965000e-01
   7.3333000e-01  -3.4456000e-02   7.5669000e-03   7.6259000e+03   1.0001000e+00   2.0151000e+00   4.8515000e-01   5.4355000e-03   2.6179000e-02   2.9031000e-03   3.3658000e-01   1.7147000e+02   2.0051000e+04   1.7902000e+03   3.1656000e-02   3.8244000e+05   1.1362000e+06   1.4314000e+05   2.9276000e+06   2.0000000e+00   9.1716000e-01   1.0903000e+00   5.5640000e-06   2.6876000e+04   9.9963000e-01
   7.3804000e-01  -3.9248000e-02   7.6742000e-03   7.6008000e+03   1.0001000e+00   2.0160000e+00   4.8424000e-01   5.8494000e-03   2.7222000e-02   4.6558000e-03   3.3458000e-01   1.7147000e+02   2.0066000e+04   1.7888000e+03   3.1789000e-02   3.8177000e+05   1.1410000e+06   1.4354000e+05   2.9276000e+06   2.0000000e+00   9.1684000e-01   1.0907000e+00   7.2141000e-06   2.6857000e+04   9.9962000e-01
   7.3889000e-01  -4.0138000e-02   7.6946000e-03   7.5961000e+03   1.0001000e+00   2.0162000e+00   4.8408000e-01   5.9359000e-03   2.7261000e-02   4.8596000e-03   3.3422000e-01   1.7147000e+02   2.0069000e+04   1.7885000e+03   3.1814000e-02   3.8165000e+05   1.1419000e+06   1.4362000e+05   2.9276000e+06   2.0000000e+00   9.1678000e-01   1.0908000e+00   7.5019000e-06   2.6854000e+04   9.9961000e-01
   7.4444000e-01  -4.6066000e-02   7.8343000e-03   7.5637000e+03   1.0001000e+00   2.0173000e+00   4.8296000e-01   5.8505000e-03   2.4947000e-02   5.1230000e-03   3.3190000e-01   1.7147000e+02   2.0087000e+04   1.7869000e+03   3.1972000e-02   3.8089000e+05   1.1476000e+06   1.4410000e+05   2.9275000e+06   2.0000000e+00   9.1640000e-01   1.0912000e+00   8.8123000e-06   2.6832000e+04   9.9960000e-01
   7.5000000e-01  -5.2092000e-02   7.9869000e-03   7.5288000e+03   1.0001000e+00   2.0185000e+00   4.8178000e-01   5.6432000e-03   2.2700000e-02   4.6596000e-03   3.2962000e-01   1.7147000e+02   2.0105000e+04   1.7853000e+03   3.2131000e-02   3.8015000e+05   1.1533000e+06   1.4459000e+05   2.9275000e+06   2.0000000e+00   9.1602000e-01   1.0917000e+00   8.6371000e-06   2.6811000e+04   9.9958000e-01
   7.5374000e-01  -5.6186000e-02   8.0972000e-03   7.5040000e+03   1.0001000e+00   2.0193000e+00   4.8097000e-01   5.3048000e-03   2.0266000e-02   4.2481000e-03   3.2810000e-01   1.7147000e+02   2.0117000e+04   1.7843000e+03   3.2239000e-02   3.7967000e+05   1.1572000e+06   1.4492000e+05   2.9274000e+06   2.0000000e+00   9.1576000e-01   1.0920000e+00   7.7708000e-06   2.6797000e+04   9.9957000e-01
   7.5556000e-01  -5.8177000e-02   8.1530000e-03   7.4915000e+03   1.0001000e+00   2.0197000e+00   4.8058000e-01   5.1481000e-03   1.9075000e-02   3.8275000e-03   3.2737000e-01   1.7147000e+02   2.0123000e+04   1.7837000e+03   3.2291000e-02   3.7943000e+05   1.1590000e+06   1.4508000e+05   2.9274000e+06   2.0000000e+00   9.1564000e-01   1.0921000e+00   7.2387000e-06   2.6790000e+04   9.9956000e-01
   7.6111000e-01  -6.4386000e-02   8.3332000e-03   7.4518000e+03   1.0001000e+00   2.0209000e+00   4.7932000e-01   4.3342000e-03   1.4667000e-02   2.1126000e-03   3.2514000e-01   1.7147000e+02   2.0141000e+04   1.7822000e+03   3.2450000e-02   3.7871000e+05   1.1648000e+06   1.4558000e+05   2.9274000e+06   2.0000000e+00   9.1526000e-01   1.0926000e+00   5.6730000e-06   2.6770000e+04   9.9954000e-01
   7.6667000e-01  -7.0711000e-02   8.5281000e-03   7.4098000e+03   1.0001000e+00   2.0222000e+00   4.7803000e-01   3.1734000e-03   9.8806000e-03   5.0532000e-04   3.2294000e-01   1.7147000e+02   2.0159000e+04   1.7806000e+03   3.2609000e-02   3.7799000e+05   1.1705000e+06   1.4607000e+05   2.9273000e+06   2.0000000e+00   9.1488000e-01   1.0930000e+00   4.7962000e-06   2.6749000e+04   9.9953000e-01
   7.6961000e-01  -7.4136000e-02   8.6373000e-03   7.3866000e+03   1.0001000e+00   2.0229000e+00   4.7734000e-01   2.8752000e-03   8.2687000e-03  -2.7399000e-04   3.2178000e-01   1.7147000e+02   2.0168000e+04   1.7797000e+03   3.2693000e-02   3.7761000e+05   1.1735000e+06   1.4633000e+05   2.9273000e+06   2.0000000e+00   9.1468000e-01   1.0933000e+00   4.6897000e-06   2.6738000e+04   9.9952000e-01
   7.7222000e-01  -7.7223000e-02   8.7381000e-03   7.3655000e+03   1.0001000e+00   2.0235000e+00   4.7672000e-01   2.7449000e-03   7.4361000e-03  -8.8599000e-04   3.2076000e-01   1.7147000e+02   2.0176000e+04   1.7790000e+03   3.2768000e-02   3.7727000e+05   1.1762000e+06   1.4657000e+05   2.9273000e+06   2.0000000e+00   9.1451000e-01   1.0935000e+00   4.7703000e-06   2.6728000e+04   9.9951000e-01
   7.7778000e-01  -8.3932000e-02   8.9641000e-03   7.3190000e+03   1.0001000e+00   2.0249000e+00   4.7537000e-01   2.8502000e-03   7.2364000e-03  -1.9535000e-03   3.1862000e-01   1.7147000e+02   2.0194000e+04   1.7774000e+03   3.2927000e-02   3.7657000e+05   1.1819000e+06   1.4707000e+05   2.9272000e+06   2.0000000e+00   9.1415000e-01   1.0939000e+00   5.3146000e-06   2.6706000e+04   9.9949000e-01
   7.8333000e-01  -9.0910000e-02   9.2068000e-03   7.2704000e+03   1.0001000e+00   2.0263000e+00   4.7398000e-01   3.0751000e-03   7.4933000e-03  -2.5834000e-03   3.1650000e-01   1.7147000e+02   2.0212000e+04   1.7759000e+03   3.3086000e-02   3.7587000e+05   1.1876000e+06   1.4756000e+05   2.9272000e+06   2.0000000e+00   9.1379000e-01   1.0943000e+00   6.1162000e-06   2.6685000e+04   9.9947000e-01
   7.8564000e-01  -9.3889000e-02   9.3128000e-03   7.2496000e+03   1.0001000e+00   2.0269000e+00   4.7339000e-01   3.2689000e-03   7.9672000e-03  -2.8238000e-03   3.1562000e-01   1.7147000e+02   2.0219000e+04   1.7752000e+03   3.3152000e-02   3.7557000e+05   1.1900000e+06   1.4777000e+05   2.9272000e+06   2.0000000e+00   9.1364000e-01   1.0945000e+00   6.4788000e-06   2.6676000e+04   9.9946000e-01
   7.8889000e-01  -9.8189000e-02   9.4674000e-03   7.2197000e+03   1.0001000e+00   2.0277000e+00   4.7254000e-01   3.6460000e-03   8.9988000e-03  -3.1476000e-03   3.1439000e-01   1.7147000e+02   2.0230000e+04   1.7743000e+03   3.3245000e-02   3.7516000e+05   1.1933000e+06   1.4806000e+05   2.9272000e+06   2.0000000e+00   9.1343000e-01   1.0948000e+00   7.0008000e-06   2.6663000e+04   9.9945000e-01
   7.9444000e-01  -1.0586000e-01   9.7466000e-03   7.1670000e+03   1.0001000e+00   2.0292000e+00   4.7109000e-01   4.2657000e-03   1.0786000e-02  -3.5403000e-03   3.1230000e-01   1.7147000e+02   2.0248000e+04   1.7727000e+03   3.3405000e-02   3.7446000e+05   1.1990000e+06   1.4856000e+05   2.9271000e+06   2.0000000e+00   9.1308000e-01   1.0952000e+00   7.9073000e-06   2.6641000e+04   9.9943000e-01
   8.0000000e-01  -1.1397000e-01   1.0046000e-02   7.1123000e+03   1.0001000e+00   2.0307000e+00   4.6958000e-01   5.0025000e-03   1.2955000e-02  -3.8830000e-03   3.1023000e-01   1.7147000e+02   2.0266000e+04   1.7711000e+03   3.3565000e-02   3.7375000e+05   1.2048000e+06   1.4906000e+05   2.9271000e+06   2.0000000e+00   9.1274000e-01   1.0956000e+00   8.8278000e-06   2.6619000e+04   9.9941000e-01
   8.0184000e-01  -1.1677000e-01   1.0149000e-02   7.0937000e+03   1.0001000e+00   2.0312000e+00   4.6907000e-01   5.0391000e-03   1.3240000e-02  -3.9628000e-03   3.0954000e-01   1.7147000e+02   2.0272000e+04   1.7706000e+03   3.3618000e-02   3.7352000e+05   1.2067000e+06   1.4922000e+05   2.9271000e+06   2.0000000e+00   9.1263000e-01   1.0957000e+00   9.1364000e-06   2.6611000e+04   9.9940000e-01
   8.0556000e-01  -1.2263000e-01   1.0365000e-02   7.0556000e+03   1.0001000e+00   2.0322000e+00   4.6802000e-01   5.3194000e-03   1.4327000e-02  -4.0945000e-03   3.0816000e-01   1.7147000e+02   2.0284000e+04   1.7696000e+03   3.3726000e-02   3.7304000e+05   1.2105000e+06   1.4955000e+05   2.9271000e+06   2.0000000e+00   9.1241000e-01   1.0960000e+00   9.7676000e-06   2.6596000e+04   9.9939000e-01
   8.1111000e-01  -1.3191000e-01   1.0707000e-02   6.9970000e+03   1.0001000e+00   2.0339000e+00   4.6642000e-01   6.0983000e-03   1.7106000e-02  -4.3665000e-03   3.0610000e-01   1.7147000e+02   2.0302000e+04   1.7680000e+03   3.3887000e-02   3.7231000e+05   1.2163000e+06   1.5004000e+05   2.9270000e+06   2.0000000e+00   9.1208000e-01   1.0964000e+00   1.0729000e-05   2.6573000e+04   9.9937000e-01
   8.1667000e-01  -1.4181000e-01   1.1072000e-02   6.9365000e+03   1.0001000e+00   2.0355000e+00   4.6476000e-01   6.7152000e-03   1.9879000e-02  -4.6644000e-03   3.0404000e-01   1.7147000e+02   2.0320000e+04   1.7664000e+03   3.4048000e-02   3.7157000e+05   1.2221000e+06   1.5053000e+05   2.9270000e+06   2.0000000e+00   9.1176000e-01   1.0968000e+00   1.1699000e-05   2.6549000e+04   9.9934000e-01
   8.1820000e-01  -1.4471000e-01   1.1177000e-02   6.9195000e+03   1.0001000e+00   2.0360000e+00   4.6429000e-01   7.0915000e-03   2.1217000e-02  -4.7413000e-03   3.0347000e-01   1.7147000e+02   2.0325000e+04   1.7660000e+03   3.4093000e-02   3.7136000e+05   1.2237000e+06   1.5067000e+05   2.9270000e+06   2.0000000e+00   9.1167000e-01   1.0969000e+00   1.1964000e-05   2.6542000e+04   9.9934000e-01
   8.2222000e-01  -1.5254000e-01   1.1461000e-02   6.8742000e+03   1.0001000e+00   2.0372000e+00   4.6306000e-01   7.0341000e-03   2.1627000e-02  -4.5932000e-03   3.0197000e-01   1.7147000e+02   2.0338000e+04   1.7648000e+03   3.4211000e-02   3.7080000e+05   1.2280000e+06   1.5101000e+05   2.9270000e+06   2.0000000e+00   9.1145000e-01   1.0972000e+00   1.2635000e-05   2.6525000e+04   9.9932000e-01
   8.2778000e-01  -1.6411000e-01   1.1875000e-02   6.8101000e+03   1.0001000e+00   2.0390000e+00   4.6131000e-01   7.1438000e-03   2.3072000e-02  -4.8511000e-03   2.9990000e-01   1.7147000e+02   2.0357000e+04   1.7633000e+03   3.4374000e-02   3.7002000e+05   1.2338000e+06   1.5149000e+05   2.9270000e+06   2.0000000e+00   9.1115000e-01   1.0975000e+00   1.3413000e-05   2.6500000e+04   9.9930000e-01
   8.3333000e-01  -1.7671000e-01   1.2315000e-02   6.7442000e+03   1.0001000e+00   2.0408000e+00   4.5952000e-01   6.7352000e-03   2.2370000e-02  -4.6056000e-03   2.9782000e-01   1.7147000e+02   2.0375000e+04   1.7617000e+03   3.4538000e-02   3.6921000e+05   1.2397000e+06   1.5197000e+05   2.9270000e+06   2.0000000e+00   9.1085000e-01   1.0979000e+00   1.3756000e-05   2.6474000e+04   9.9927000e-01
   8.3473000e-01  -1.8004000e-01   1.2430000e-02   6.7273000e+03   1.0001000e+00   2.0412000e+00   4.5906000e-01   6.6013000e-03   2.2181000e-02  -4.5945000e-03   2.9730000e-01   1.7147000e+02   2.0380000e+04   1.7613000e+03   3.4579000e-02   3.6900000e+05   1.2412000e+06   1.5209000e+05   2.9270000e+06   2.0000000e+00   9.1078000e-01   1.0980000e+00   1.3723000e-05   2.6468000e+04   9.9927000e-01
   8.3889000e-01  -1.9040000e-01   1.2782000e-02   6.6765000e+03   1.0001000e+00   2.0426000e+00   4.5768000e-01   6.2877000e-03   2.1639000e-02  -4.3727000e-03   2.9572000e-01   1.7147000e+02   2.0393000e+04   1.7601000e+03   3.4703000e-02   3.6836000e+05   1.2456000e+06   1.5243000e+05   2.9270000e+06   2.0000000e+00   9.1058000e-01   1.0982000e+00   1.3207000e-05   2.6447000e+04   9.9925000e-01
   8.4444000e-01  -2.0535000e-01   1.3276000e-02   6.6071000e+03   1.0001000e+00   2.0444000e+00   4.5586000e-01   4.8876000e-03   1.6676000e-02  -2.6753000e-03   2.9361000e-01   1.7147000e+02   2.0412000e+04   1.7585000e+03   3.4868000e-02   3.6747000e+05   1.2516000e+06   1.5289000e+05   2.9270000e+06   2.0000000e+00   9.1032000e-01   1.0985000e+00   1.1398000e-05   2.6420000e+04   9.9922000e-01
   8.5000000e-01  -2.2168000e-01   1.3798000e-02   6.5360000e+03   1.0001000e+00   2.0464000e+00   4.5395000e-01   4.0977000e-03   1.4165000e-02  -1.9394000e-04   2.9147000e-01   1.7147000e+02   2.0431000e+04   1.7569000e+03   3.5035000e-02   3.6653000e+05   1.2575000e+06   1.5334000e+05   2.9270000e+06   2.0000000e+00   9.1008000e-01   1.0988000e+00   9.0770000e-06   2.6390000e+04   9.9919000e-01
   8.5143000e-01  -2.2611000e-01   1.3936000e-02   6.5175000e+03   1.0001000e+00   2.0468000e+00   4.5346000e-01   4.1022000e-03   1.4146000e-02   5.9520000e-04   2.9091000e-01   1.7147000e+02   2.0435000e+04   1.7565000e+03   3.5078000e-02   3.6628000e+05   1.2591000e+06   1.5345000e+05   2.9270000e+06   2.0000000e+00   9.1002000e-01   1.0989000e+00   8.6964000e-06   2.6382000e+04   9.9918000e-01
   8.5556000e-01  -2.3954000e-01   1.4348000e-02   6.4633000e+03   1.0001000e+00   2.0483000e+00   4.5201000e-01   4.5190000e-03   1.4737000e-02   3.8900000e-03   2.8928000e-01   1.7147000e+02   2.0449000e+04   1.7553000e+03   3.5202000e-02   3.6551000e+05   1.2635000e+06   1.5378000e+05   2.9271000e+06   2.0000000e+00   9.0987000e-01   1.0991000e+00   8.9551000e-06   2.6359000e+04   9.9916000e-01
   8.6111000e-01  -2.5894000e-01   1.4926000e-02   6.3889000e+03   1.0002000e+00   2.0503000e+00   4.5004000e-01   8.4239000e-03   2.9784000e-02   8.5564000e-03   2.8707000e-01   1.7147000e+02   2.0468000e+04   1.7536000e+03   3.5368000e-02   3.6443000e+05   1.2695000e+06   1.5421000e+05   2.9271000e+06   2.0000000e+00   9.0968000e-01   1.0993000e+00   1.3335000e-05   2.6326000e+04   9.9913000e-01
   8.6667000e-01  -2.7995000e-01   1.5530000e-02   6.3128000e+03   1.0002000e+00   2.0523000e+00   4.4803000e-01   1.0742000e-02   3.6326000e-02   1.1023000e-02   2.8483000e-01   1.7147000e+02   2.0487000e+04   1.7520000e+03   3.5536000e-02   3.6331000e+05   1.2755000e+06   1.5463000e+05   2.9271000e+06   2.0000000e+00   9.0950000e-01   1.0995000e+00   1.9195000e-05   2.6293000e+04   9.9910000e-01
   8.6829000e-01  -2.8635000e-01   1.5711000e-02   6.2904000e+03   1.0002000e+00   2.0529000e+00   4.4743000e-01   1.0861000e-02   3.6038000e-02   1.1204000e-02   2.8417000e-01   1.7147000e+02   2.0493000e+04   1.7515000e+03   3.5586000e-02   3.6298000e+05   1.2773000e+06   1.5474000e+05   2.9272000e+06   2.0000000e+00   9.0945000e-01   1.0996000e+00   2.0202000e-05   2.6283000e+04   9.9909000e-01
   8.7222000e-01  -3.0246000e-01   1.6160000e-02   6.2352000e+03   1.0002000e+00   2.0544000e+00   4.4595000e-01   1.0899000e-02   3.6777000e-02   1.0470000e-02   2.8255000e-01   1.7147000e+02   2.0507000e+04   1.7504000e+03   3.5708000e-02   3.6215000e+05   1.2817000e+06   1.5503000e+05   2.9272000e+06   2.0000000e+00   9.0932000e-01   1.0997000e+00   2.0304000e-05   2.6260000e+04   9.9906000e-01
   8.7778000e-01  -3.2633000e-01   1.6815000e-02   6.1560000e+03   1.0002000e+00   2.0565000e+00   4.4383000e-01   8.6950000e-03   2.9897000e-02   7.0194000e-03   2.8021000e-01   1.7147000e+02   2.0526000e+04   1.7487000e+03   3.5885000e-02   3.6092000e+05   1.2880000e+06   1.5542000e+05   2.9273000e+06   2.0000000e+00   9.0913000e-01   1.1000000e+00   1.5984000e-05   2.6227000e+04   9.9903000e-01
   8.8333000e-01  -3.5108000e-01   1.7496000e-02   6.0753000e+03   1.0002000e+00   2.0586000e+00   4.4167000e-01   6.2466000e-03   2.3060000e-02   4.4182000e-03   2.7779000e-01   1.7147000e+02   2.0545000e+04   1.7471000e+03   3.6063000e-02   3.5958000e+05   1.2944000e+06   1.5580000e+05   2.9273000e+06   2.0000000e+00   9.0897000e-01   1.1002000e+00   1.1105000e-05   2.6193000e+04   9.9899000e-01
   8.8531000e-01  -3.6002000e-01   1.7744000e-02   6.0462000e+03   1.0002000e+00   2.0594000e+00   4.4090000e-01   5.1168000e-03   1.8790000e-02   3.3965000e-03   2.7692000e-01   1.7147000e+02   2.0551000e+04   1.7465000e+03   3.6126000e-02   3.5908000e+05   1.2967000e+06   1.5593000e+05   2.9273000e+06   2.0000000e+00   9.0892000e-01   1.1002000e+00   9.9541000e-06   2.6181000e+04   9.9897000e-01
   8.8889000e-01  -3.7652000e-01   1.8201000e-02   5.9930000e+03   1.0002000e+00   2.0608000e+00   4.3950000e-01   3.8524000e-03   1.4080000e-02   2.0783000e-03   2.7532000e-01   1.7147000e+02   2.0564000e+04   1.7455000e+03   3.6241000e-02   3.5814000e+05   1.3008000e+06   1.5616000e+05   2.9274000e+06   2.0000000e+00   9.0883000e-01   1.1003000e+00   8.7735000e-06   2.6157000e+04   9.9895000e-01
   8.9444000e-01  -4.0259000e-01   1.8929000e-02   5.9092000e+03   1.0002000e+00   2.0630000e+00   4.3730000e-01   3.4106000e-03   1.2628000e-02   7.3038000e-04   2.7277000e-01   1.7147000e+02   2.0583000e+04   1.7439000e+03   3.6420000e-02   3.5659000e+05   1.3073000e+06   1.5650000e+05   2.9275000e+06   2.0000000e+00   9.0873000e-01   1.1004000e+00   8.6044000e-06   2.6120000e+04   9.9890000e-01
   9.0000000e-01  -4.2821000e-01   1.9683000e-02   5.8239000e+03   1.0002000e+00   2.0652000e+00   4.3510000e-01   3.3739000e-03   1.2426000e-02  -4.7485000e-06   2.7016000e-01   1.7147000e+02   2.0602000e+04   1.7423000e+03   3.6602000e-02   3.5492000e+05   1.3138000e+06   1.5683000e+05   2.9276000e+06   2.0000000e+00   9.0867000e-01   1.1005000e+00   9.3740000e-06   2.6080000e+04   9.9886000e-01
   9.0250000e-01  -4.3934000e-01   2.0031000e-02   5.7851000e+03   1.0002000e+00   2.0662000e+00   4.3411000e-01   3.2271000e-03   1.1744000e-02  -2.5448000e-04   2.6895000e-01   1.7147000e+02   2.0610000e+04   1.7415000e+03   3.6684000e-02   3.5414000e+05   1.3167000e+06   1.5697000e+05   2.9276000e+06   2.0000000e+00   9.0865000e-01   1.1005000e+00   9.8120000e-06   2.6061000e+04   9.9883000e-01
   9.0556000e-01  -4.5257000e-01   2.0465000e-02   5.7372000e+03   1.0002000e+00   2.0675000e+00   4.3288000e-01   3.2213000e-03   1.1890000e-02  -4.9543000e-04   2.6746000e-01   1.7147000e+02   2.0621000e+04   1.7406000e+03   3.6785000e-02   3.5314000e+05   1.3203000e+06   1.5714000e+05   2.9277000e+06   2.0000000e+00   9.0864000e-01   1.1005000e+00   1.0345000e-05   2.6037000e+04   9.9880000e-01
   9.1111000e-01  -4.7520000e-01   2.1279000e-02   5.6491000e+03   1.0002000e+00   2.0698000e+00   4.3061000e-01   3.3728000e-03   1.2398000e-02  -7.4501000e-04   2.6469000e-01   1.7147000e+02   2.0640000e+04   1.7390000e+03   3.6970000e-02   3.5124000e+05   1.3270000e+06   1.5743000e+05   2.9278000e+06   2.0000000e+00   9.0864000e-01   1.1005000e+00   1.1179000e-05   2.5993000e+04   9.9875000e-01
   9.1667000e-01  -4.9550000e-01   2.2134000e-02   5.5596000e+03   1.0002000e+00   2.0721000e+00   4.2828000e-01   3.9259000e-03   1.4290000e-02  -7.0113000e-04   2.6183000e-01   1.7147000e+02   2.0659000e+04   1.7374000e+03   3.7158000e-02   3.4921000e+05   1.3337000e+06   1.5770000e+05   2.9279000e+06   2.0000000e+00   9.0868000e-01   1.1005000e+00   1.1699000e-05   2.5946000e+04   9.9869000e-01
   9.2222000e-01  -5.1283000e-01   2.3039000e-02   5.4687000e+03   1.0002000e+00   2.0745000e+00   4.2585000e-01   3.9497000e-03   1.4425000e-02  -4.3811000e-04   2.5886000e-01   1.7147000e+02   2.0678000e+04   1.7358000e+03   3.7348000e-02   3.4702000e+05   1.3406000e+06   1.5796000e+05   2.9280000e+06   2.0000000e+00   9.0877000e-01   1.1004000e+00   1.1814000e-05   2.5897000e+04   9.9863000e-01
   9.2778000e-01  -5.2689000e-01   2.4009000e-02   5.3766000e+03   1.0002000e+00   2.0771000e+00   4.2331000e-01   3.8913000e-03   1.4315000e-02   1.1105000e-04   2.5579000e-01   1.7147000e+02   2.0697000e+04   1.7343000e+03   3.7541000e-02   3.4467000e+05   1.3475000e+06   1.5820000e+05   2.9281000e+06   2.0000000e+00   9.0891000e-01   1.1002000e+00   1.1691000e-05   2.5845000e+04   9.9856000e-01
   9.3333000e-01  -5.3734000e-01   2.5060000e-02   5.2831000e+03   1.0002000e+00   2.0798000e+00   4.2060000e-01   4.5001000e-03   1.6584000e-02   1.1118000e-03   2.5258000e-01   1.7147000e+02   2.0716000e+04   1.7327000e+03   3.7736000e-02   3.4212000e+05   1.3545000e+06   1.5842000e+05   2.9282000e+06   2.0000000e+00   9.0910000e-01   1.1000000e+00   1.2265000e-05   2.5789000e+04   9.9849000e-01
   9.3889000e-01  -5.4424000e-01   2.6214000e-02   5.1885000e+03   1.0002000e+00   2.0828000e+00   4.1769000e-01   6.5543000e-03   2.4310000e-02   2.7594000e-03   2.4924000e-01   1.7147000e+02   2.0734000e+04   1.7311000e+03   3.7933000e-02   3.3935000e+05   1.3616000e+06   1.5862000e+05   2.9283000e+06   2.0000000e+00   9.0936000e-01   1.0997000e+00   1.5256000e-05   2.5730000e+04   9.9841000e-01
   9.4444000e-01  -5.4773000e-01   2.7491000e-02   5.0927000e+03   1.0002000e+00   2.0859000e+00   4.1453000e-01   8.5632000e-03   3.1342000e-02   4.0137000e-03   2.4577000e-01   1.7147000e+02   2.0752000e+04   1.7296000e+03   3.8133000e-02   3.3639000e+05   1.3687000e+06   1.5880000e+05   2.9285000e+06   2.0000000e+00   9.0967000e-01   1.0993000e+00   1.9992000e-05   2.5668000e+04   9.9832000e-01
   9.5000000e-01  -5.4801000e-01   2.8924000e-02   4.9958000e+03   1.0002000e+00   2.0894000e+00   4.1112000e-01   9.3185000e-03   3.2865000e-02   4.0533000e-03   2.4212000e-01   1.7147000e+02   2.0769000e+04   1.7282000e+03   3.8337000e-02   3.3316000e+05   1.3760000e+06   1.5897000e+05   2.9286000e+06   2.0000000e+00   9.1004000e-01   1.0989000e+00   2.1538000e-05   2.5604000e+04   9.9822000e-01
